    2000     001     43.87     -0.72       0.0     ARTIFICIAL, hfrey, mar 25, 2004
    2000     145     43.87     -0.72       0.0
    2000     160     44.40     -0.54         0
    2000     162     44.50     -0.61         0
    2000     163     44.47     -0.58         0
    2000     166     44.37     -0.88         0       FOR NEW FOV,092903,TJI
    2000     168     43.37     -0.84         0
    2000     175     42.76     -0.79         0
    2000     176     42.76     -0.79         0
    2000     178     42.80     -0.79         0
    2000     180     42.88     -0.78         0
    2000     183     43.05     -0.80         0
    2000     192     43.27     -0.91         0    
    2000     193     43.23     -0.90         0  
    2000     195     43.25     -0.80         0
    2000     196     43.27     -0.90       0.0
    2000     197     43.22     -0.93         0
    2000     198     43.28     -0.93         0
    2000     208     43.92     -0.98         0
    2000     210     43.84     -0.98         0
    2000     211     43.80     -0.98         0
    2000     217     42.77     -0.78         0
    2000     218     42.77     -0.78         0
    2000     225     42.84     -0.80         0
    2000     236     42.74     -0.82         0
    2000     237     42.70     -0.82         0
    2000     240     42.77     -0.78         0
    2000     250     42.74     -0.78         0
    2000     256     42.65     -0.76         0
    2000     261     42.55     -0.76         0
    2000     262     42.55     -0.76         0
    2000     263     42.70     -0.76         0
    2000     265     42.75     -0.68         0  
    2000     277     42.48     -0.79         0		hfrey, Mar-09, 2005
    2000     279     42.75     -1.65     -1.85
    2000     302     42.74     -1.70     -1.85
    2000     309     42.75     -1.70     -1.85
    2000     311     42.75     -1.70     -1.85
    2000     313     42.75     -1.70     -1.85
    2000     324     42.74     -1.70     -1.85
    2000     329     42.75     -1.68     -1.85
    2000     330     42.75     -1.68     -1.85
    2000     331     42.75     -1.68     -1.85
    2000     339     42.82     -1.72     -1.85
    2000     342     42.78     -1.69     -1.85
    2001       1     42.76     -1.69     -1.85
    2001      14     42.81     -1.69     -1.85
    2001      16     42.84     -1.66     -1.85
    2001      20     42.74     -1.70     -1.85
    2001      21     42.74     -1.70     -1.85
    2001      23     42.74     -1.70     -1.85
    2001      24     42.74     -1.70     -1.85
    2001      25     42.80     -1.69     -1.85
    2001      26     42.82     -1.69     -1.85
    2001      29     42.85     -1.69     -1.85
    2001      58     42.88     -1.69     -1.85
    2001     114     42.85     -1.75     -1.85
    2001     118     42.77     -1.80     -1.85
    2001     119     42.75     -1.72     -1.85
    2001     144     42.80     -1.70     -1.85
    2001     158     42.80     -1.70     -1.85
    2001     160     42.80     -1.77     -1.85           bmorsony, mar 19, 2003
    2001     161     38.99     -1.77     -1.85           bmorsony, mar 19, 2003
    2001     163     38.79     -1.77     -1.85           bmorsony, mar 19, 2003
    2001     164     38.59     -1.77     -1.85           bmorsony, mar 19, 2003
    2001     165     40.53     -1.63     -1.85           bmorsony, mar 19, 2003
    2001     166     40.37     -1.77     -1.85
    2001     167     40.16     -1.67     -1.85           bmorsony, mar 19, 2003
    2001     168     40.06     -1.67     -1.85           bmorsony, mar 19, 2003
    2001     169     39.90     -1.63     -1.85		hfrey, jun11, 2003
    2001     170     39.70     -1.67     -1.85           bmorsony, mar 19, 2003
    2001     172     39.48     -1.67     -1.85           bmorsony, mar 19, 2003
    2001     173     39.15     -1.67     -1.85           bmorsony, mar 20, 2003
    2001     174     38.81     -1.67     -1.85           bmorsony, mar 20, 2003
    2001     175     38.48     -1.67     -1.85           bmorsony, mar 20, 2003
    2001     176     38.39     -1.67     -1.85           bmorsony, mar 20, 2003
    2001     177     38.30     -1.65     -1.85
    2001     178     38.40     -1.67     -1.85
    2001     179     38.51     -1.70     -1.85           bmorsony, mar 20, 2003 interpolated from 178 to 183
    2001     180     38.61     -1.70     -1.85           bmorsony, mar 20, 2003 interpolated from 178 to 183
    2001     181     38.72     -1.70     -1.85           bmorsony, mar 20, 2003 interpolated from 178 to 183
    2001     182     38.82     -1.70     -1.85           bmorsony, mar 20, 2003 interpolated from 178 to 183
    2001     183     38.93     -1.73     -1.85		hfrey, sept 26, 2002
    2001     185     39.32     -1.77     -1.85           hfrey, sept 26, 2002
    2001     187     39.88     -1.75     -1.85           hfrey, sept 26, 2002
    2001     190     40.70     -1.76     -1.85           hfrey, sept 26, 2002
    2001     192     41.44     -1.70     -1.85           hfrey, sept 26, 2002
    2001     194     41.62     -1.74     -1.85           hfrey, sept 26, 2002
    2001     195     41.94     -1.73     -1.85           hfrey, sept 26, 2002
    2001     196     42.28     -1.73     -1.85           hfrey, sept 26, 2002
    2001     197     42.50     -1.76     -1.85           hfrey, sept 26, 2002
    2001     199     42.75     -1.71     -1.85           hfrey, sept 26, 2002
    2001     200     42.73     -1.75     -1.85           hfrey, sept 26, 2002
    2001     202     42.78     -1.75     -1.85           hfrey, sept 26, 2002
    2001     203     43.28     -1.71     -1.85           hfrey, sept 26, 2002
    2001     204     43.71     -1.72     -1.85           hfrey, sept 26, 2002
    2001     206     43.73     -1.76     -1.85           hfrey, sept 26, 2002
    2001     207     43.73     -1.75     -1.85           hfrey, sept 26, 2002
    2001     209     43.72     -1.72     -1.85           hfrey, sept 26, 2002
    2001     211     43.52     -1.77     -1.85           hfrey, sept 26, 2002
    2001     212     43.65     -1.74     -1.85           hfrey, sept 26, 2002
    2001     214     42.99     -1.74     -1.85           hfrey, sept 26, 2002
    2001     216     42.96     -1.77     -1.85           hfrey, sept 26, 2002
    2001     218     42.83     -1.81     -1.85           hfrey, sept 26, 2002
    2001     221     42.62     -1.75     -1.85           hfrey, sept 26, 2002
    2001     223     42.41     -1.75     -1.85           hfrey, sept 26, 2002
    2001     225     42.31     -1.75     -1.85           hfrey, sept 26, 2002
    2001     227     42.12     -1.77     -1.85           hfrey, sept 26, 2002
    2001     228     42.19     -1.78     -1.85           hfrey, sept 26, 2002
    2001     229     41.09     -1.70     -1.85           bmorsony, april 4, 2003
    2001     230     41.09     -1.70     -1.85           hfrey, sept 26, 2002
    2001     231     41.09     -1.70     -1.85
    2001     233     42.83     -1.75     -1.85           hfrey, sept 26, 2002
    2001     235     42.83     -1.75     -1.85           hfrey, sept 26, 2002
    2001     237     42.83     -1.75     -1.85           hfrey, sept 26, 2002
    2001     240     42.83     -1.75     -1.85           hfrey, sept 26, 2002
    2001     242     42.83     -1.75     -1.85           hfrey, sept 26, 2002
    2001     244     42.80     -1.75     -1.85           hfrey, sept 26, 2002
    2001     247     42.80     -1.75     -1.85           hfrey, sept 26, 2002
    2001     250     42.85     -1.72     -1.85
    2001     260     42.83     -1.72     -1.85           hfrey, sept 26, 2002
    2001     261     42.65     -1.55     -1.85
    2001     264     42.75     -1.15     -1.85
    2001     266     42.65     -1.15     -1.85
    2001     268     42.69     -1.15     -1.85           hfrey, sept 26, 2002
    2001     269     42.60     -1.15     -1.85           hfrey, sept 26, 2002
    2001     274     42.64     -1.15     -1.85           hfrey, sept 26, 2002
    2001     281     42.64     -1.15     -1.85           hfrey, sept 26, 2002
    2001     287     42.60     -1.15     -1.85           hfrey, sept 26, 2002
    2001     294     42.63     -0.96     -2.45
    2001     295     42.62     -0.94     -2.45
    2001     304     42.62     -0.94     -2.45
    2001     328     42.59     -0.96     -2.45
    2001     342     42.62     -0.94     -2.45
    2001     348     42.59     -0.87     -2.45
    2001     349     42.67     -0.96     -2.45
    2001     350     42.79     -0.98     -2.45		hfrey, jul 17, 2003
    2002     002     42.63     -0.97     -2.45
    2002     019     42.79     -1.04     -2.45
    2002     043     42.65     -1.04     -2.45		hfrey, jan 31, 2003
    2002     077     42.66     -1.02     -2.45
    2002     141     42.88     -1.10     -2.45          hfrey, feb 26, 2003
    2002     150     42.88     -1.10     -2.45          bmorsony, mar 20, 2003
    2002     151     40.88     -1.10     -2.45          bmorsony, mar 20, 2003
    2002     152     42.88     -1.10     -2.45          bmorsony, mar 20, 2003
    2002     153     40.68     -1.10     -2.45          bmorsony, mar 20, 2003
    2002     155     40.48     -1.10     -2.45          bmorsony, mar 20, 2003
    2002     156     40.28     -1.10     -2.45          bmorsony, mar 20, 2003
    2002     157     40.11     -1.10     -2.45          bmorsony, mar 20, 2003
    2002     158     39.95     -1.10     -2.45          bmorsony, mar 20, 2003
    2002     160     39.49     -1.16     -2.45          bmorsony, mar 20, 2003
    2002     162     39.22     -1.16     -2.45          bmorsony, mar 10, 2003
    2002     163     39.02     -1.16     -2.45          bmorsony, mar 10, 2003    
    2002     164     38.75     -1.16     -2.45          bmorsony, mar 10, 2003    
    2002     166     38.31     -1.19     -2.45		hfrey, feb 26, 2003
    2002     167     38.24     -1.19     -2.45          bmorsony, mar 10, 2003
    2002     169     37.72     -1.19     -2.45          bmorsony, mar 10, 2003
    2002     170     37.45     -1.19     -2.45          bmorsony, mar 10, 2003
    2002     171     37.22     -1.19     -2.45          bmorsony, mar 10, 2003 interpolated between 170 and 180
    2002     172     36.99     -1.19     -2.45          bmorsony, mar 10, 2003 interpolated between 170 and 180
    2002     173     36.75     -1.19     -2.45          bmorsony, mar 10, 2003 interpolated between 170 and 180
    2002     174     36.52     -1.19     -2.45          bmorsony, mar 10, 2003 interpolated between 170 and 180
    2002     175     36.29     -1.19     -2.45          bmorsony, mar 10, 2003 interpolated between 170 and 180
    2002     176     36.06     -1.19     -2.45          bmorsony, mar 10, 2003 interpolated between 170 and 180
    2002     177     35.31     -1.13     -2.45
    2002     178     35.59     -1.19     -2.45          bmorsony, mar 10, 2003 interpolated between 170 and 180
    2002     179     35.36     -1.19     -2.45          bmorsony, mar 10, 2003 interpolated between 170 and 180
    2002     180     35.13     -1.19     -2.45          bmorsony, mar 10, 2003
    2002     182     35.30     -1.19     -2.45          bmorsony, mar 10, 2003
    2002     183     35.18     -1.19     -2.45          bmorsony, mar 10, 2003
    2002     185     35.30     -1.19     -2.45          bmorsony, mar 10, 2003
    2002     186     35.48     -1.19     -2.45          bmorsony, mar 10, 2003
    2002     187     35.66     -1.19     -2.45          bmorsony, mar 10, 2003
    2002     188     35.84     -1.19     -2.45          bmorsony, mar 10, 2003
    2002     189     36.02     -1.19     -2.45          bmorsony, mar 10, 2003
    2002     190     36.20     -1.19     -2.45          bmorsony, mar 10, 2003
    2002     191     36.50     -1.19     -2.45          bmorsony, mar 11, 2003 interpolated between 190 and 195
    2002     192     36.81     -1.19     -2.45          bmorsony, mar 11, 2003 interpolated between 190 and 195
    2002     193     37.11     -1.19     -2.45          bmorsony, mar 11, 2003 interpolated between 190 and 195
    2002     194     37.42     -1.19     -2.45          bmorsony, mar 11, 2003 interpolated between 190 and 195
    2002     195     37.72     -1.19     -2.45          bmorsony, mar 11, 2003 
    2002     196     38.09     -1.19     -2.45          bmorsony, mar 11, 2003 interpolated between 195 and 198
    2002     197     38.45     -1.19     -2.45          bmorsony, mar 11, 2003 interpolated between 195 and 198
    2002     198     38.84     -1.19     -2.45          bmorsony, mar 11, 2003 
    2002     199     39.04     -1.19     -2.45          bmorsony, mar 11, 2003 interpolated between 198 and 200
    2002     200     39.25     -1.19     -2.45          bmorsony, mar 10, 2003
    2002     201     39.49     -1.19     -2.45          bmorsony, mar 11, 2003 interpolated between 200 and 210
    2002     202     39.73     -1.19     -2.45          bmorsony, mar 11, 2003 interpolated between 200 and 210
    2002     203     39.97     -1.19     -2.45          bmorsony, mar 11, 2003 interpolated between 200 and 210
    2002     204     40.11     -1.19     -2.45          bmorsony, mar 11, 2003 interpolated between 200 and 210
    2002     205     40.45     -1.19     -2.45          bmorsony, mar 11, 2003 interpolated between 200 and 210
    2002     206     40.69     -1.19     -2.45          bmorsony, mar 11, 2003 interpolated between 200 and 210
    2002     207     40.93     -1.19     -2.45          bmorsony, mar 11, 2003 interpolated between 200 and 210
    2002     208     41.16     -1.19     -2.45          bmorsony, mar 11, 2003 interpolated between 200 and 210
    2002     209     41.40     -1.19     -2.45          bmorsony, mar 11, 2003 interpolated between 200 and 210
    2002     210     41.64     -1.19     -2.45          bmorsony, mar 11, 2003
    2002     215     41.74     -1.09     -2.45          bmorsony, mar 11, 2003
    2002     222     41.74     -1.09     -2.45          bmorsony, mar 11, 2003
    2002     223     41.74     -1.09     -2.45          bmorsony, mar 11, 2003
    2002     224     41.93     -2.09     -2.45
    2002     225     43.18     -2.30     -2.45          bmorsony, mar 11, 2003
    2002     226     41.80     -2.30     -2.45          bmorsony, mar 11, 2003
    2002     229     41.80     -2.30     -2.45          bmorsony, mar 11, 2003
    2002     230     41.60     -2.30     -2.45          bmorsony, mar 11, 2003
    2002     231     41.80     -2.30     -2.45          bmorsony, mar 11, 2003
    2002     232     42.90     -2.30     -2.45          bmorsony, mar 11, 2003
    2002     234     42.93     -2.30     -1.80		hfrey, feb 26, 2003
    2002     265     42.82     -2.30     -1.80          hfrey, jul 30, 2003
    2002     295     42.75     -2.26     -1.80
    2002     296     42.68     -2.21     -1.80		nikost, 09/23/03
    2002     309     42.65     -2.21     -1.80
    2002     310     42.48     -2.23     -1.80
    2002     325     42.51     -2.30     -1.80		nikost, 09/23/03
    2002     341     42.47     -2.24     -1.80 		nikost, 09/23/03
    2002     348     42.41     -2.29     -1.80 		hfrey, jan 28, 2003
    2002     353     42.34     -2.54     -1.80		hfrey, apr 16, 2003
    2003     003     42.48     -4.50     -1.80		echi, dec 20, 2004
    2003     013     42.36     -2.68     -1.80		echi, dec 20, 2004
    2003     024     42.58     -2.29     -1.80		echi, dec 20, 2004
    2003     042     42.46     -2.32     -1.80		echi, dec 20, 2004
    2003     063     42.58     -2.42     -1.80		echi, dec 20, 2004
    2003     082     42.64     -2.32     -1.80		echi, dec 20, 2004
    2003     117     42.71     -2.39     -1.80		echi, dec 20, 2004
    2003     131     42.71     -2.35     -1.80		echi, dec 20, 2004
    2003     146     42.91     -2.44     -1.80          preliminary
    2003     160     41.36     -2.64     -1.80
    2003     170     41.36     -2.64     -1.80          hfrey, jan 08, 2004
    2003     173     41.71     -2.54     -1.80		hfrey, jan 08, 2004
    2003     176     42.06     -2.64     -1.80          hfrey, jan 08, 2004
    2003     180     42.56     -2.64     -1.80          hfrey, jan 09, 2004
    2003     195     45.96     -2.64     -1.80
    2003     205     43.66     -2.64     -1.80
    2003     212     41.45     -2.64     -1.80
    2003     220     39.75     -2.64     -1.80
    2003     228     42.41     -2.44     -1.80
    2003     237     42.96     -2.39     -1.80		echi, dec 21, 2004
    2003     243     42.92     -2.31     -1.80		echi, dec 21, 2004
    2003     250     42.95     -2.47     -1.80		echi, dec 21, 2004
    2003     257     42.90     -2.33     -1.80		echi, dec 21, 2004
    2003     264     42.75     -2.40     -1.80		echi, dec 21, 2004
    2003     271     42.74     -2.39     -1.80		echi, dec 21, 2004
    2003     306     42.60     -2.40     -1.80		echi, dec 21, 2004
    2003     314     42.60     -2.40     -1.80		echi, dec 21, 2004
    2003     320     42.62     -2.39     -1.80		echi, dec 21, 2004
    2003     327     42.60     -2.34     -1.80		echi, dec 21, 2004
    2003     334     42.38     -2.30     -1.80		echi, dec 21, 2004
    2003     342     42.58     -2.40     -1.80		echi, dec 21, 2004
    2003     349     42.57     -2.36     -1.80		echi, dec 21, 2004
    2003     359     42.59     -2.41     -1.80		echi, dec 21, 2004
    2003     361     42.74     -2.33     -1.80
    2003     365     42.60     -2.36     -1.80		echi, dec 21, 2004
    2004     003     42.40     -2.45     -1.80		echi, dec 02, 2004
    2004     014     42.40     -2.40     -1.80		echi, dec 02, 2004
    2004     022     42.61     -2.43     -1.80		echi, dec 02, 2004
    2004     031     42.66     -2.43     -1.80		echi, dec 02, 2004
    2004     046     42.66     -2.43     -1.80		echi, dec 02, 2004
    2004     054     42.60     -2.39     -1.80		echi, dec 02, 2004
    2004     060     42.60     -2.45     -1.80		echi, dec 02, 2004
    2004     070     42.69     -2.45     -1.80		echi, dec 02, 2004
    2004     080     42.62     -2.39     -1.80		echi, dec 02, 2004
    2004     089     42.56     -2.34     -1.80		echi, dec 02, 2004
    2004     116     42.61     -2.34     -1.80		echi, dec 02, 2004
    2004     163     42.79     -2.34     -1.80		echi, dec 10, 2004
    2004     170     38.76     -2.28     -1.80		echi, dec 10, 2004
    2004     179     39.46     -2.33     -1.80		echi, dec 10, 2004
    2004     190     43.47     -2.32     -1.80		echi, dec 10, 2004
    2004     200     44.07     -2.43     -1.80		echi, dec 10, 2004
    2004     205     43.87     -2.23     -1.80		echi, dec 10, 2004
    2004     210     42.48     -2.32     -1.80		echi, dec 10, 2004
    2004     213     42.08     -2.42     -1.80		echi, dec 10, 2004
    2004     220     40.83     -2.42     -1.80		echi, dec 20, 2004*Unaided*
    2004     230     40.83     -2.42     -1.80		echi, dec 20, 2004*Unaided*
    2004     240     42.03     -2.14     -1.80		echi, dec 20, 2004*Unaided*
    2004     250     43.02     -2.46     -1.80		echi, dec 20, 2004
    2004     260     42.68     -2.41     -1.80		echi, dec 20, 2004
    2004     270     42.68     -2.41     -1.80                echi, dec 20, 2004
    2004     274     42.55     -2.08     -2.90          hfrey, dec 18, 2005
    2004     277     42.55     -1.58     -2.90          hfrey, sep 29, 2005
    2004     298     42.55     -1.58     -2.90          hfrey, sep 29, 2005
    2004     313     42.55     -1.48     -2.90          hfrey, dec 18, 2005
    2004     315     42.63     -1.17     -2.90          hfrey, sep 29, 2005
    2004     316     42.73     -1.27     -2.90          hfrey, jun 06, 2005
    2004     320     42.73     -1.27     -2.90          hfrey, dec 18, 2005
    2004     330     42.73     -1.27     -2.90          hfrey, dec 18, 2005
    2004     340     42.63     -1.17     -2.90          hfrey, dec 18, 2005
    2004     350     42.63     -1.17     -2.90          hfrey, dec 18, 2005
    2004     360     42.53     -1.07     -2.90          hfrey, dec 18, 2005
    2005     001     42.43     -1.27     -2.90          hfrey, dec 18, 2005
    2005     010     42.43     -1.37     -2.90          hfrey, dec 18, 2005
    2005     020     42.43     -1.37     -2.90          hfrey, dec 18, 2005
    2005     030     42.43     -1.27     -2.90          hfrey, dec 18, 2005
    2005     040     42.53     -1.27     -2.90          hfrey, dec 18, 2005
    2005     050     42.63     -1.37     -2.90          hfrey, dec 18, 2005
    2005     060     42.73     -1.17     -2.90          hfrey, dec 18, 2005
    2005     070     42.73     -1.17     -2.90          hfrey, dec 18, 2005
    2005     080     42.73     -1.17     -2.90          hfrey, dec 18, 2005
    2005     090     42.73     -1.17     -2.90          hfrey, dec 18, 2005
    2005     112     42.73     -1.17     -2.90          hfrey, dec 18, 2005
    2005     120     42.85     -1.02     -2.90          hfrey, dec 18, 2005
    2005     130     42.85     -1.12     -2.90          hfrey, dec 18, 2005
    2005     136     42.85     -1.12     -2.90          hfrey, dec 18, 2005
    2005     140     42.85     -1.02     -2.90          hfrey, dec 18, 2005
    2005     150     42.85     -1.32     -2.90          hfrey, dec 18, 2005
    2005     160     42.85     -1.12     -2.90          hfrey, dec 18, 2005
    2005     170     37.85     -0.92     -2.90          hfrey, dec 18, 2005 useless
    2005     180     34.25     -1.52     -2.90          hfrey, dec 18, 2005 useless
    2005     220     50.55     -0.22     -2.90          hfrey, dec 18, 2005 useless
    2005     245     42.85     -1.12     -2.90          hfrey, dec 18, 2005
    2005     251     42.85     -1.12     -2.90          hfrey, dec 18, 2005
    2005     260     42.85     -0.52     -2.90          hfrey, dec 18, 2005
    2005     270     42.85     -0.52     -2.90          hfrey, dec 18, 2005
    2005     278     42.75     -0.32     -2.90          hfrey, dec 18, 2005
    2005     300     42.45     -1.12     -2.90          hfrey, dec 18, 2005
    2005     309     42.45     -0.82     -2.90          hfrey, dec 18, 2005
    2005     320     42.75     -0.62     -2.90          hfrey, dec 18, 2005
    2005     346     42.75     -0.32     -2.90          prelim. hfrey
    2025     001      1.00      1.00      1.00
