    2000     001     43.00      0.54      0.00          ; ARTIFICIAL, hfrey, 10-31-2006
    2002     234     42.87     -0.17      0.00
    2002     239     42.83     -0.18      0.00
    2002     245     42.88     -0.21      0.00
    2002     250     42.85     -0.22      0.00
    2002     255     42.82     -0.20      0.00
    2002     260     42.91     -0.21      0.00
    2002     265     42.83     -0.19      0.00
    2002     270     42.78     -0.18      0.00
    2002     275     42.81     -0.20      0.00
    2002     280     42.77     -0.22      0.00
    2002     285     42.76     -0.20      0.00
    2002     290     42.75     -0.22      0.00
    2002     295     42.60     -0.24      0.00
    2002     300     42.66     -0.15      0.00
    2002     305     42.59     -0.11      0.00
    2002     310     42.60     -0.10      0.00
    2002     315     42.51     -0.14      0.00
    2002     320     42.49     -0.14      0.00
    2002     325     42.51     -0.19      0.00
    2002     330     42.43     -0.17      0.00
    2002     335     42.47     -0.17      0.00
    2002     340     42.45     -0.16      0.00
    2002     345     42.42     -0.18      0.00
    2002     350     42.44     -0.15      0.00
    2002     355     42.41     -0.17      0.00
    2002     359     42.45     -0.20      0.00
    2002     365     42.44     -0.23      0.00
    2003     001     42.55     -0.10      0.00
    2003     005     42.58     -0.15      0.00
    2003     010     42.60     -0.15      0.00
    2003     015     42.62     -0.15      0.00
    2003     020     42.65     -0.15      0.00
    2003     025     42.68     -0.15      0.00
    2003     030     42.65     -0.15      0.00
    2003     035     42.65     -0.10      0.00
    2003     040     42.66     -0.11      0.00
    2003     045     42.68     -0.13      0.00
    2003     050     42.70     -0.15      0.00
    2003     055     42.73     -0.17      0.00
    2003     060     42.73     -0.19      0.00
    2003     065     42.72     -0.18      0.00
    2003     070     42.70     -0.19      0.00
    2003     075     42.73     -0.21      0.00
    2003     080     42.75     -0.20      0.00
    2003     085     42.74     -0.19      0.00
    2003     089     42.75     -0.19      0.00		; no data
    2003     108     42.68     -0.15      0.00
    2003     110     42.70     -0.15      0.00
    2003     115     42.70     -0.17      0.00
    2003     120     42.69     -0.16      0.00
    2003     125     42.68     -0.15      0.00
    2003     130     42.71     -0.15      0.00
    2003     135     42.70     -0.15      0.00
    2003     140     42.69     -0.15      0.00
    2003     145     42.67     -0.15      0.00
    2003     150     42.66     -0.15      0.00
    2003     155     42.65     -0.15      0.00
    2003     159     42.65     -0.15      0.00		; summer vacation
    2003     228     42.63     -0.30      0.00
    2003     245     42.58     -0.30      0.00
    2003     250     42.55     -0.31      0.00
    2003     255     42.53     -0.32      0.00
    2003     260     42.53     -0.33      0.00
    2003     270     42.48     -0.34      0.00
    2003     274     42.45     -0.34      0.00   
    2003     301     42.43     -0.35      0.00
    2003     305     42.46     -0.35      0.00
    2003     310     42.49     -0.33      0.00
    2003     315     42.58     -0.30      0.00
    2003     320     42.59     -0.32      0.00
    2003     325     42.58     -0.30      0.00
    2003     330     42.62     -0.35      0.00
    2003     335     42.63     -0.35      0.00
    2003     340     42.65     -0.36      0.00
    2003     345     42.62     -0.33      0.00
    2003     350     42.59     -0.30      0.00
    2003     355     42.55     -0.31      0.00
    2003     360     42.53     -0.33      0.00
    2003     365     42.55     -0.36      0.00
    2004     001     42.55     -0.32      0.00
    2004     005     42.44     -0.35      0.00
    2004     010     42.50     -0.35      0.00
    2004     015     42.52     -0.34      0.00
    2004     020     42.53     -0.36      0.00
    2004     025     42.45     -0.35      0.00
    2004     030     42.45     -0.35      0.00
    2004     035     42.63     -0.33      0.00
    2004     040     42.54     -0.33      0.00
    2004     045     42.52     -0.33      0.00
    2004     050     42.67     -0.37      0.00
    2004     055     42.70     -0.36      0.00
    2004     060     42.57     -0.37      0.00
    2004     065     42.57     -0.37      0.00
    2004     070     42.60     -0.38      0.00
    2004     075     42.54     -0.37      0.00
    2004     080     42.61     -0.37      0.00
    2004     085     42.54     -0.37      0.00
    2004     089     42.57     -0.34      0.00		; no data
    2004     111     42.60     -0.20      0.00
    2004     120     42.65     -0.20      0.00
    2004     130     42.70     -0.20      0.00
    2004     140     42.62     -0.20      0.00
    2004     150     42.65     -0.20      0.00
    2004     160     42.70     -0.20      0.00
    2004     162     42.80     -0.20      0.00		; summer vacation
    2004     243     42.91     -0.21      0.00
    2004     245     43.03     -0.26      0.00
    2004     250     42.82     -0.30      0.00
    2004     255     42.73     -0.25      0.00
    2004     260     42.68     -0.24      0.00
    2004     265     42.72     -0.22      0.00
    2004     270     42.68     -0.22      0.00
    2004     275     42.67     -0.17      0.00
    2004     277     42.68     -0.15      0.00		; no data
    2004     298     42.44     -0.21      0.00
    2004     300     42.45     -0.22      0.00
    2004     305     42.50     -0.26      0.00
    2004     310     42.51     -0.29      0.00
    2004     314     42.51     -0.29      0.00
    2004     315     42.54     -0.19      0.00		; new alpha angle
    2004     320     42.62     -0.12      0.00
    2004     325     42.60     -0.12      0.00
    2004     330     42.69     -0.13      0.00
    2004     335     42.65     -0.13      0.00
    2004     340     42.67     -0.15      0.00
    2004     345     42.64     -0.17      0.00
    2004     350     42.59     -0.17      0.00
    2004     355     42.52     -0.11      0.00
    2004     360     42.53     -0.09      0.00
    2004     365     42.56     -0.08      0.00
    2005     001     42.58     -0.09      0.00
    2005     005     42.59     -0.07      0.00
    2005     010     42.65     -0.09      0.00
    2005     015     42.59     -0.09      0.00
    2005     020     42.63     -0.09      0.00
    2005     025     42.52     -0.09      0.00
    2005     030     42.52     -0.13      0.00
    2005     035     42.51     -0.13      0.00
    2005     040     42.55     -0.17      0.00
    2005     045     42.57     -0.22      0.00
    2005     050     42.66     -0.22      0.00
    2005     055     42.66     -0.21      0.00
    2005     060     42.69     -0.16      0.00
    2005     065     42.61     -0.17      0.00
    2005     070     42.71     -0.17      0.00
    2005     075     42.53     -0.18      0.00
    2005     080     42.56     -0.15      0.00
    2005     085     42.56     -0.11      0.00
    2005     090     42.62     -0.06      0.00
    2005     091     42.55     -0.07      0.00		; no data
    2005     112     42.84      0.03      0.00
    2005     115     42.82      0.02      0.00
    2005     120     42.86     -0.00      0.00
    2005     125     42.82      0.00      0.00
    2005     130     42.76      0.01      0.00
    2005     135     42.73     -0.05      0.00
    2005     145     42.70     -0.03      0.00
    2005     150     42.91     -0.07      0.00
    2005     155     42.93     -0.08      0.00
    2005     160     42.93     -0.05      0.00
    2005     165     42.90     -0.03      0.00		; summer vacation
    2005     245     42.83     -0.06      0.00
    2005     250     42.68     -0.05      0.00
    2005     255     42.90     -0.05      0.00
    2005     260     42.88     -0.10      0.00
    2005     265     42.86     -0.08      0.00
    2005     270     42.76     -0.03      0.00
    2005     275     42.66      0.01      0.00		; no data
    2005     300     42.39     -0.07      0.00
    2005     305     42.44     -0.12      0.00
    2005     310     42.53     -0.15      0.00
    2005     315     42.73     -0.15      0.00
    2005     320     42.81     -0.26      0.00
    2005     325     42.65     -0.21      0.00
    2005     330     42.64     -0.23      0.00
    2005     335     42.64     -0.21      0.00
    2005     340     42.64     -0.19      0.00
    2005     345     42.63     -0.18      0.00
    2005     350     42.61     -0.15      0.00
    2025     001      1.00      1.00      1.00		; ARTIFICIAL, hfrey, 10-31-2006
