    2000     001     43.00      0.54      0.00          ARTIFICIAL, hfrey, mar 25, 2004
    2000     145     42.93      0.98     -0.05		hfrey, jan 07, 2004
    2000     159     43.13      1.06     -0.05
    2000     160     43.04      0.96     -0.05
    2000     162     43.80      0.95     -0.05
    2000     163     43.87      0.96     -0.05
    2000     175     43.14      0.93     -0.05
    2000     176     43.14      0.93     -0.05
    2000     177     43.15      0.91     -0.05
    2000     178     43.12      0.90     -0.05
    2000     179     43.20      0.95     -0.05
    2000     180     43.26      0.94     -0.05
    2000     191     43.62      0.89     -0.05
    2000     192     43.62      0.82     -0.05
    2000     193     43.63      0.82     -0.05
    2000     197     43.60      0.80     -0.05
    2000     198     43.60      0.80     -0.55
    2000     208     44.29      0.76     -0.05
    2000     210     44.22      0.75     -0.05
    2000     211     44.26      0.75     -0.05
    2000     216     43.57      0.98     -0.05
    2000     217     43.20      0.98     -0.05
    2000     225     43.12      0.91     -0.05
    2000     236     43.19      0.91     -0.05
    2000     237     43.23      0.91     -0.05
    2000     259     43.10      0.95     -0.05
    2000     261     43.17      0.86     -0.05
    2000     262     43.15      0.86     -0.05          nikost, 17 mars 2004
    2000     273     43.26      0.86     -0.05		Preliminary TJI (OK)
    2000     277     43.26      0.90     -0.05		hfrey, Mar-09, 2005
    2000     284     43.26      0.37     -1.85
    2000     302     43.13      0.41     -1.85
    2000     324     43.06      0.42     -2.55
    2000     329     43.17      0.43     -1.85
    2000     331     43.17      0.43     -1.85
    2000     333     43.17      0.43     -1.65          nikost, 08-08-03
    2000     339     43.19      0.42     -1.85
    2000     342     43.13      0.41     -1.55          nikost, 08-08-03
    2000     364     43.11      0.36     -1.55          nikost, 03-12-03
    2001       3     43.09      0.41     -1.85
    2001      10     43.06      0.28     -1.85
    2001      13     43.09      0.28     -1.85
    2001      14     43.03      0.43     -1.85
    2001      18     43.03      0.30     -1.85
    2001      20     43.09      0.30     -1.85
    2001      21     43.09      0.30     -1.85
    2001      23     43.09      0.30     -1.85
    2001      45     43.09      0.28     -1.85
    2001      50     43.09      0.32     -1.85
    2001      54     43.09      0.33     -1.85
    2001      78     43.02      0.37     -1.85          nikost, 02-11-03
    2001     105     42.95      0.30     -1.85          hfrey, 12-17-03
    2001     108     43.15      0.30     -1.85          nikost, 02-07-03
    2001     114     43.03      0.43     -1.85
    2001     118     43.00      0.43     -1.85
    2001     119     42.90      0.43     -1.85
    2001     132     43.06      0.38     -1.85          nikost, 07-02-03
    2001     144     43.12      0.41     -1.85
    2001     145     43.13      0.43     -1.85
    2001     146     43.07      0.45     -1.85
    2001     147     43.07      0.45     -1.85
    2001     148     43.12      0.44     -1.85
    2001     149     43.08      0.47     -1.85
    2001     152     43.01      0.50     -1.85
    2001     158     42.96      0.65     -1.85
    2001     160     42.96      0.65     -1.85          nikost mar 17 2004
    2001     161     39.20      0.44     -1.85          bmorsony, mar 12, 2003
    2001     163     38.87      0.56     -1.85          bmorsony, mar 12, 2003
    2001     164     38.76      0.56     -1.85          bmorsony, mar 12, 2003
    2001     165     40.55      0.56     -1.85          bmorsony, mar 12, 2003  should start at 164-20:36
    2001     166     40.45      0.56     -1.85          bmorsony, mar 12, 2003
    2001     167     40.19      0.56     -1.85          bmorsony, mar 12, 2003
    2001     168     40.06      0.56     -1.85          bmorsony, mar 12, 2003
    2001     169     39.96      0.56     -1.85          bmorsony, mar 12, 2003
    2001     170     39.86      0.56     -1.85		bmorsony, mar 12, 2003
    2001     171     39.68      0.56     -1.85		bmorsony, mar 12, 2003
    2001     173     39.41      0.56     -1.85		bmorsony, mar 12, 2003
    2001     174     38.94      0.56     -1.85		bmorsony, mar 12, 2003
    2001     175     38.54      0.56     -1.85		bmorsony, mar 12, 2003
    2001     176     38.54      0.56     -1.85		bmorsony, mar 12, 2003
    2001     177     38.62      0.56     -1.85
    2001     178     38.65      0.54     -1.85		bmorsony, mar 12, 2003 interpolated from 177 to 180
    2001     179     38.68      0.54     -1.85		bmorsony, mar 12, 2003 interpolated from 177 to 180
    2001     180     38.70      0.54     -1.85		bmorsony, mar 12, 2003
    2001     181     38.81      0.54     -1.85		bmorsony, mar 12, 2003 interpolated from 180 to 183
    2001     182     39.01      0.54     -1.85		bmorsony, mar 12, 2003 interpolated from 180 to 183
    2001     183     39.14      0.47     -1.85          nikost, 10/16/03
    2001     184     39.34      0.51     -1.85		bmorsony, mar 14, 2003 interpolated from 183 to 186
    2001     185     39.57      0.51     -1.85		bmorsony, mar 14, 2003 interpolated from 183 to 186
    2001     186     39.79      0.53     -1.85          nikost, 01-03-03
    2001     187     40.10      0.53     -1.85		bmorsony, mar 14, 2003 interpolated from 186 to 191
    2001     188     40.42      0.53     -1.85		bmorsony, mar 14, 2003 interpolated from 186 to 191
    2001     189     40.73      0.53     -1.85		bmorsony, mar 14, 2003 interpolated from 186 to 191
    2001     190     41.05      0.53     -1.85		bmorsony, mar 14, 2003 interpolated from 186 to 191
    2001     191     41.36      0.53     -1.85          nikost, 01-03-03
    2001     192     41.61      0.56     -1.85          bmorsony, mar 14, 2003 interpolated from 191 to 196
    2001     193     41.85      0.56     -1.85          bmorsony, mar 14, 2003 interpolated from 191 to 196
    2001     194     42.10      0.56     -1.85          bmorsony, mar 14, 2003 interpolated from 191 to 196
    2001     195     42.34      0.56     -1.85          bmorsony, mar 14, 2003 interpolated from 191 to 196
    2001     196     42.59      0.56     -1.85          bmorsony, mar 14, 2003
    2001     197     42.69      0.53     -1.85          bmorsony, mar 14, 2003 interpoloated from 196 to 201
    2001     198     42.79      0.50     -1.85          bmorsony, mar 14, 2003 interpoloated from 196 to 201
    2001     199     42.89      0.50     -1.85          bmorsony, mar 14, 2003 interpoloated from 196 to 201
    2001     200     42.99      0.50     -1.85          bmorsony, mar 14, 2003 interpoloated from 196 to 201
    2001     201     43.09      0.50     -1.85          bmorsony, mar 14, 2003
    2001     202     43.29      0.50     -1.85          bmorsony, mar 18, 2003 interpoloated from 201 to 205
    2001     203     43.49      0.50     -1.85          bmorsony, mar 18, 2003 interpoloated from 201 to 205
    2001     204     43.69      0.50     -1.85          bmorsony, mar 18, 2003 interpoloated from 201 to 205
    2001     205     43.90      0.52     -1.85          nikost, 01-03-03
    2001     207     44.06      0.51     -1.85          hfrey, oct 1 2002
    2001     208     43.94      0.54     -1.85          bmorsony, mar 18, 2003
    2001     210     43.84      0.54     -1.85          bmorsony, mar 18, 2003
    2001     212     43.84      0.54     -1.85          Preliminary, TJI  (This is "summer vacation")
    2001     213     43.73      0.45     -1.85          bmorsony, mar 18, 2003 interpolated from 212 to 218
    2001     214     43.62      0.45     -1.85          bmorsony, mar 18, 2003 interpolated from 212 to 218
    2001     215     43.51      0.45     -1.85          bmorsony, mar 18, 2003 interpolated from 212 to 218
    2001     216     43.40      0.45     -1.85          bmorsony, mar 18, 2003 interpolated from 212 to 218
    2001     217     43.29      0.45     -1.85          bmorsony, mar 18, 2003 interpolated from 212 to 218
    2001     218     43.19      0.45     -1.85          Preliminary, TJI
    2001     219     43.11      0.45     -1.85          bmorsony, mar 19, 2003 interpolated from 218 to 224
    2001     220     43.03      0.45     -1.85          bmorsony, mar 19, 2003 interpolated from 218 to 224
    2001     221     42.95      0.45     -1.85          bmorsony, mar 19, 2003 interpolated from 218 to 224
    2001     222     42.87      0.45     -1.85          bmorsony, mar 19, 2003 interpolated from 218 to 224
    2001     223     42.79      0.45     -1.85          bmorsony, mar 19, 2003 interpolated from 218 to 224
    2001     224     42.71      0.45     -1.85          bmorsony, mar 19, 2003
    2001     225     42.62      0.44     -1.85          bmorsony, mar 19, 2003
    2001     226     42.55      0.44     -1.85          bmorsony, mar 19, 2003
    2001     227     42.48      0.44     -1.85          Per Req from R. McPherron, TJI (using harald's axis calc)
    2001     228     42.30      0.44     -1.85          bmorsony, mar 19, 2003
    2001     229     41.26      0.47     -1.85          nikost, 05-30-03
    2001     231     41.26      0.40     -1.85
    2001     233     42.99      0.47     -1.85
    2001     235     42.99      0.47     -1.85
    2001     241     43.09      0.57     -1.85          bmorsony, april 4, 2003
    2001     245     42.99      0.67     -2.45	        TJI says this angle is right!
    2001     250     43.06      0.53     -2.45
    2001     256     43.06      0.55     -2.45          nikost, 03-07-03
    2001     257     43.16      0.45     -2.45		hfrey, october 4, 2002
    2001     261     42.99      0.47     -2.45	        By eye, TJI
    2001     263     43.04      1.10     -2.45          quick shot
    2001     265     43.10      1.09     -2.45          Quick shot, hfrey
    2001     271     43.05      1.14     -2.45
    2001     293     43.00      1.20     -2.45          nikost, 05-02-03
    2001     294     43.25      1.30     -2.45          nikost, 03-07-03
    2001     295     43.18      1.19     -2.45          nikost, 03-10-03          
    2001     309     43.01      1.29     -2.45          nikost, 02-03-03
    2001     328     43.00      1.35     -2.45          bmorsony, april 4, 2003
    2001     334     43.20      1.23     -2.45
    2001     339     43.10      1.25     -2.45
    2001     342     43.05      1.30     -2.45
    2001     348     43.12      1.28     -2.45
    2001     349     43.17      1.28     -2.45
    2001     350     43.10      1.28     -2.45
    2001     352     43.00      1.28     -2.45
    2001     357     43.00      1.22     -2.45
    2001     364     43.10      1.18     -2.45		hfrey, october 4, 2002
    2002     001     43.00      1.18     -2.45          hfrey, mar 04, 2004
    2002     010     42.95      1.21     -2.45          hfrey, mar 04, 2004
    2002     019     42.97      1.23     -2.45		hfrey, mar 04, 2004
    2002     025     43.01      1.18     -2.45		hfrey, mar 04, 2004
    2002     036     42.89      1.18     -2.45          hfrey, dec 29, 2003
    2002     037     42.99      1.20     -2.45		hfrey, mar 04, 2004
    2002     043     43.03      1.12     -2.45		hfrey, jan 31, 2003
    2002     051     43.00      1.18     -2.45		hfrey, mar 04, 2004
    2002     063     43.05      1.18     -2.45		hfrey, mar 04, 2004
    2002     070     43.02      1.18     -2.45          hfrey, mar 04, 2004
    2002     079     42.95      1.18     -2.45          hfrey, 12-17-03
    2002     083     43.05      1.18     -2.45		hfrey, mar 04, 2004
    2002     107     42.97      1.30     -2.45          bmorsony, april 10, 2003
    2002     110     42.90      1.30     -2.45
    2002     117     43.05      1.27     -2.45		hfrey, mar 04, 2004
    2002     119     43.03      1.27     -2.45          hfrey, mar 04, 2004
    2002     120     42.99      1.27     -2.45          hfrey, mar 04, 2004
    2002     122     42.99      1.30     -2.45		hfrey, mar 04, 2004
    2002     132     42.93      1.35     -2.45		hfrey, mar 04, 2004
    2002     139     43.00      1.25     -2.45		hfrey, mar 04, 2004
    2002     141     43.08      1.29     -2.45          hfrey, feb 26, 2003
    2002     144     42.93      1.29     -2.45          hfrey, 12-17-03
    2002     150     43.03      1.29     -2.45          bmorsony, mar 10, 2003
    2002     151     40.86      1.28     -2.45          bmorsony, mar 10, 2003 should start 150-19:57
    2002     152     43.03      1.29     -2.45          bmorsony, mar 10, 2003 should start 152-03:06
    2002     153     40.73      1.28     -2.45          bmorsony, mar 10, 2003 should start 153-04:38
    2002     154     40.60      1.28     -2.45
    2002     155     40.45      1.28     -2.45
    2002     156     40.33      1.27     -2.45          bmorsony, mar 10, 2003
    2002     157     40.15      1.27     -2.45
    2002     158     40.00      1.27     -2.45          bmorsony, mar 10, 2003
    2002     159     39.75      1.25     -2.45
    2002     160     39.54      1.21     -2.45          bmorsony, mar 10, 2003
    2002     161     39.39      1.21     -2.45
    2002     162     39.27      1.21     -2.45          bmorsony, mar 10, 2003
    2002     163     39.07      1.21     -2.45          bmorsony, mar 10, 2003    
    2002     164     38.80      1.21     -2.45          bmorsony, mar 10, 2003    
    2002     165     38.55      1.21     -2.45
    2002     166     38.29      1.20     -2.45		hfrey, feb 26, 2003
    2002     167     38.15      1.20     -2.45          bmorsony, mar 10, 2003
    2002     168     38.00      1.20     -2.45
    2002     169     37.77      1.20     -2.45          bmorsony, mar 10, 2003
    2002     170     37.50      1.20     -2.45          bmorsony, mar 10, 2003
    2002     171     37.27      1.20     -2.45          bmorsony, mar 10, 2003 interpolated between 170 and 180
    2002     172     37.04      1.20     -2.45          bmorsony, mar 10, 2003 interpolated between 170 and 180
    2002     173     36.80      1.20     -2.45          bmorsony, mar 10, 2003 interpolated between 170 and 180
    2002     174     36.57      1.20     -2.45          bmorsony, mar 10, 2003 interpolated between 170 and 180
    2002     175     36.34      1.20     -2.45          bmorsony, mar 10, 2003 interpolated between 170 and 180
    2002     176     36.11      1.20     -2.45          bmorsony, mar 10, 2003 interpolated between 170 and 180
    2002     177     35.68      1.20     -2.45          bmorsony, mar 10, 2003 interpolated between 170 and 180
    2002     178     35.64      1.20     -2.45          bmorsony, mar 10, 2003 interpolated between 170 and 180
    2002     179     35.41      1.20     -2.45          bmorsony, mar 10, 2003 interpolated between 170 and 180
    2002     180     35.18      1.20     -2.45          bmorsony, mar 10, 2003
    2002     182     35.48      1.20     -2.45          bmorsony, mar 10, 2003
    2002     183     35.36      1.20     -2.45          bmorsony, mar 10, 2003
    2002     185     35.48      1.20     -2.45          bmorsony, mar 10, 2003
    2002     186     35.66      1.20     -2.45          bmorsony, mar 10, 2003
    2002     187     35.84      1.20     -2.45          bmorsony, mar 10, 2003
    2002     188     36.02      1.20     -2.45          bmorsony, mar 10, 2003
    2002     189     36.20      1.20     -2.45          bmorsony, mar 10, 2003
    2002     190     36.38      1.20     -2.45          bmorsony, mar 10, 2003
    2002     191     36.68      1.20     -2.45          bmorsony, mar 11, 2003 interpolated between 190 and 195
    2002     192     36.99      1.20     -2.45          bmorsony, mar 11, 2003 interpolated between 190 and 195
    2002     193     37.29      1.20     -2.45          bmorsony, mar 11, 2003 interpolated between 190 and 195
    2002     194     37.60      1.20     -2.45          bmorsony, mar 11, 2003 interpolated between 190 and 195
    2002     195     37.90      1.20     -2.45          bmorsony, mar 11, 2003 
    2002     196     38.27      1.20     -2.45          bmorsony, mar 11, 2003 interpolated between 195 and 198
    2002     197     38.63      1.20     -2.45          bmorsony, mar 11, 2003 interpolated between 195 and 198
    2002     198     39.02      1.20     -2.45          bmorsony, mar 11, 2003 
    2002     199     39.22      1.20     -2.45          bmorsony, mar 11, 2003 interpolated between 198 and 200
    2002     200     39.43      1.20     -2.45          bmorsony, mar 10, 2003
    2002     201     39.67      1.20     -2.45          bmorsony, mar 11, 2003 interpolated between 200 and 210
    2002     202     39.91      1.20     -2.45          bmorsony, mar 11, 2003 interpolated between 200 and 210
    2002     203     40.15      1.20     -2.45          bmorsony, mar 11, 2003 interpolated between 200 and 210
    2002     204     40.29      1.20     -2.45          bmorsony, mar 11, 2003 interpolated between 200 and 210
    2002     205     40.63      1.20     -2.45          bmorsony, mar 11, 2003 interpolated between 200 and 210
    2002     206     40.87      1.20     -2.45          bmorsony, mar 11, 2003 interpolated between 200 and 210
    2002     207     41.11      1.20     -2.45          bmorsony, mar 11, 2003 interpolated between 200 and 210
    2002     208     41.34      1.20     -2.45          bmorsony, mar 11, 2003 interpolated between 200 and 210
    2002     209     41.58      1.20     -2.45          bmorsony, mar 11, 2003 interpolated between 200 and 210
    2002     210     41.82      1.20     -2.45          bmorsony, mar 11, 2003
    2002     215     41.92      1.20     -2.45          bmorsony, mar 11, 2003
    2002     222     41.92      1.20     -2.45          bmorsony, mar 11, 2003
    2002     223     41.92      1.20     -2.45          bmorsony, mar 11, 2003
    2002     224     42.35      0.21     -2.45
    2002     225     43.36      0.06     -2.45          bmorsony, mar 11, 2003
    2002     226     42.12      0.06     -2.45          bmorsony, mar 11, 2003
    2002     229     42.12      0.06     -2.45          bmorsony, mar 11, 2003
    2002     230     42.02      0.06     -2.45          bmorsony, mar 11, 2003
    2002     231     42.12      0.06     -2.45          bmorsony, mar 11, 2003
    2002     232     43.08     -0.04     -2.45          bmorsony, mar 11, 2003
    2002     234     43.00     -0.04     -2.00          hfrey, feb 26, 2003
    2002     239     43.00     -0.05     -2.00		hfrey, mar 04, 2004
    2002     245     43.05     -0.10     -1.80		hfrey, mar 04, 2004
    2002     251     43.10     -0.15     -1.80		hfrey, mar 04, 2004
    2002     259     43.08     -0.18     -1.80		hfrey, mar 04, 2004
    2002     265     43.05     -0.18     -1.80          hfrey, jul 30, 2003
    2002     272     43.05     -0.18     -1.80		hfrey, mar 04, 2004
    2002     295     43.08     -0.23     -1.80		hfrey, mar 04, 2004
    2002     296     43.13     -0.22     -1.80		nikost, 09/23/03
    2002     304     43.15     -0.22     -1.80		hfrey, mar 04, 2004
    2002     309     43.18     -0.23     -1.80		hfrey, mar 04, 2004
    2002     310     43.13     -0.23     -1.80		hfrey, mar 04, 2004
    2002     317     43.15     -0.24     -1.80		hfrey, mar 04, 2004
    2002     325     43.20     -0.25     -1.80		nikost, 09/23/03
    2002     334     43.20     -0.26     -1.80		hfrey, jun 11, 2003
    2002     341     43.30     -0.20     -1.80		nikost, 09/23/03
    2002     348     43.15     -0.30     -1.80		hfrey, mar 04, 2004
    2002     350     43.10     -0.30     -1.80		hfrey, mar 04, 2004; after jump all over
    2002     353     43.00     -0.51     -1.80		hfrey, apr 16, 2003
    2002     359     43.30     -0.10     -1.80		hfrey, mar 04, 2004
    2002     360     42.87     -0.55     -1.80		hfrey, dec 20, 2004
    2003     003     43.58     -0.20     -1.80		echi, dec 20, 2004
    2003     005     43.31     -0.33     -1.80          hfrey, jul-18,2005
    2003     011     43.21     -0.13     -1.80          hfrey, jul-18,2005
    2003     012     43.21     -0.33     -1.80          hfrey, jul-18,2005
    2003     013     43.01     -0.67     -1.80		echi, dec 20, 2004
    2003     020     43.29     -0.22     -1.80          hfrey, jul-18,2005
    2003     024     43.29     -0.22     -1.80		echi, dec 20, 2004
    2003     036     43.00     -0.40     -1.80		hfrey, mar 04, 2004; before jump all over
    2003     040     43.00     -0.20     -1.80		hfrey, mar 04, 2004
    2003     045     43.13     -0.20     -1.80          hfrey, jul-18,2005
    2003     050     43.00     -0.15     -1.80		hfrey, mar 04, 2004
    2003     059     43.10     -0.16     -1.80		hfrey, mar 04, 2004
    2003     070     43.10     -0.16     -1.80		hfrey, mar 04, 2004
    2003     077     43.10     -0.16     -1.80		hfrey, mar 04, 2004
    2003     109     43.00     -0.20     -1.80		hfrey, mar 04, 2004
    2003     120     43.03     -0.16     -1.80		hfrey, mar 04, 2004
    2003     130     43.10     -0.16     -1.80		hfrey, mar 04, 2004
    2003     134     43.44     -0.23     -1.80          hfrey, jul-18,2005
    2003     135     43.32     -0.22     -1.80          hfrey, jul-18,2005
    2003     136     43.25     -0.22     -1.80          hfrey, jul-18,2005
    2003     138     43.05     -0.15     -1.80		hfrey, mar 04, 2004
    2003     140     43.18     -0.22     -1.80          hfrey, jul-18,2005
    2003     144     43.00     -0.10     -1.80
    2003     145     43.00     -0.10     -1.80          hfrey, mar 04, 2004
    2003     148     43.27     -0.17     -1.80          hfrey, jul-18,2005
    2003     151     43.13     -0.17     -1.80          hfrey, jul-18,2005
    2003     155     43.13     -0.10     -1.80          hfrey, jul-18,2005
    2003     156     43.18     -0.10     -1.80          hfrey, jul-18,2005
    2003     159     43.18     -0.10     -1.80          hfrey, jul-18,2005
    2003     160     41.90     -0.10     -1.80		hfrey, mar 04, 2004
    2003     161     41.63     -0.02     -1.80		hfrey, mar 04, 2004
    2003     162     41.63     -0.22     -1.80          hfrey, jul-18,2005
    2003     163     41.50     -0.15     -1.80          hfrey, jul-18,2005
    2003     164     41.63     -0.15     -1.80          hfrey, jul-18,2005
    2003     165     41.43     -0.09     -1.80          hfrey, jul-18,2005
    2003     166     41.23     -0.15     -1.80          hfrey, jul-18,2005
    2003     167     41.63     -0.09     -1.80          hfrey, jul-18,2005
    2003     168     41.43     -0.09     -1.80          hfrey, jul-18,2005
    2003     169     41.63     -0.02     -1.80          hfrey, jul-18,2005
    2003     170     41.63     -0.02     -1.80          hfrey, jan 08, 2004
    2003     171     41.63     -0.09     -1.80          hfrey, jul-18,2005
    2003     172     41.74     -0.15     -1.80          hfrey, jul-18,2005
    2003     173     42.08     -0.22     -1.80          hfrey, jan 08, 2004
    2003     174     42.08     -0.15     -1.80          hfrey, jul-18,2005
    2003     175     42.40     -0.05     -1.80          hfrey, jul-18,2005
    2003     176     42.33      0.02     -1.80          hfrey, jan 08, 2004
    2003     178     42.46     -0.05     -1.80          hfrey, jul-18,2005
    2003     179     42.83      0.05     -1.80          hfrey, jul-18,2005
    2003     180     42.83     -0.22     -1.80          hfrey, jan 09, 2004
    2003     182     43.97     -0.02     -1.80          hfrey, jul-18,2005
    2003     183     43.97     -0.09     -1.80          hfrey, jul-18,2005
    2003     185     44.91     -0.22     -1.80          hfrey, jan 20, 2005
    2003     186     42.42     -1.54     -1.80          hfrey, jul-18,2005
    2003     187     42.42     -1.68     -1.80          hfrey, jul-18,2005
    2003     188     42.42     -1.75     -1.80          hfrey, jul-18,2005
    2003     189     42.42     -1.95     -1.80          hfrey, jul-18,2005
    2003     190     42.42     -1.88     -1.80          hfrey, jul-18,2005
    2003     191     46.64      0.02     -1.80          hfrey, jul-18,2005
    2003     192     46.84     -0.12     -1.80          hfrey, jul-18,2005
    2003     193     46.77     -0.05     -1.80          hfrey, jul-18,2005
    2003     194     46.70      0.02     -1.80          hfrey, jul-18,2005
    2003     195     46.30     -0.25     -1.80		hfrey, mar 04, 2004
    2003     196     46.30     -0.12     -1.80          hfrey, jul-18,2005
    2003     197     46.30     -0.05     -1.80          hfrey, jul-18,2005
    2003     198     45.96     -0.12     -1.80          hfrey, jul-18,2005
    2003     199     45.63     -0.12     -1.80          hfrey, jul-18,2005
    2003     200     46.10     -0.12     -1.80          hfrey, jul-18,2005
    2003     201     45.21     -0.12     -1.80          hfrey, jul-18,2005
    2003     202     44.94     -0.25     -1.80          hfrey, jul-18,2005
    2003     203     44.67     -0.12     -1.80          hfrey, jul-18,2005
    2003     204     44.40     -0.18     -1.80          hfrey, jul-18,2005
    2003     205     44.00     -0.25     -1.80		hfrey, mar 04, 2004
    2003     206     44.00     -0.18     -1.80          hfrey, jul-18,2005
    2003     207     43.93     -0.05     -1.80          hfrey, jul-18,2005
    2003     208     44.00     -0.05     -1.80          hfrey, jul-18,2005
    2003     209     41.70     -0.25     -1.80          hfrey, jul-18,2005
    2003     210     41.70     -0.25     -1.80          hfrey, jul-18,2005
    2003     211     41.70     -0.12     -1.80          hfrey, jul-18,2005
    2003     212     41.70     -0.25     -1.80		hfrey, mar 04, 2004
    2003     213     41.70     -0.32     -1.80          hfrey, jul-18,2005
    2003     214     41.70     -0.25     -1.80          hfrey, jul-18,2005
    2003     215     41.70     -0.25     -1.80          hfrey, jul-18,2005
    2003     216     41.70     -0.32     -1.80          hfrey, jul-18,2005
    2003     217     40.10     -0.18     -1.80          hfrey, jul-18,2005
    2003     218     40.10     -0.12     -1.80          hfrey, jul-18,2005
    2003     219     40.10     -0.12     -1.80          hfrey, jul-18,2005
    2003     220     40.10     -0.25     -1.80		hfrey, mar 04, 2004
    2003     221     40.10     -0.32     -1.80          hfrey, jul-18,2005
    2003     222     40.10     -0.18     -1.80          hfrey, jul-18,2005
    2003     223     40.10     -0.05     -1.80          hfrey, jul-18,2005
    2003     224     40.10     -0.05     -1.80          hfrey, jul-18,2005
    2003     225     40.58     -0.03     -1.80          hfrey, jul-18,2005
    2003     226     40.58     -0.10     -1.80          hfrey, jul-18,2005
    2003     227     40.58     -0.17     -1.80          hfrey, jul-18,2005
    2003     228     43.00     -0.10     -1.80		hfrey, mar 04, 2004
    2003     230     43.03     -0.04     -1.80          hfrey, mar 04, 2004
    2003     231     43.16     -0.11     -1.80          hfrey, jul-18,2005
    2003     232     43.10     -0.04     -1.80          hfrey, jul-18,2005
    2003     233     42.96     -0.11     -1.80          hfrey, jul-18,2005
    2003     234     43.16     -0.11     -1.80          hfrey, jul-18,2005
    2003     235     43.10     -0.11     -1.80          hfrey, jul-18,2005
    2003     236     43.03     -0.14     -1.80          hfrey, jul-18,2005
    2003     237     43.16     -0.14     -1.80          hfrey, jul-18,2005
    2003     238     43.10     -0.07     -1.80          hfrey, jul-18,2005
    2003     239     43.16     -0.07     -1.80          hfrey, jul-18,2005
    2003     240     43.03     -0.14     -1.80          hfrey, mar 04, 2004
    2003     241     43.10     -0.07     -1.80          hfrey, jul-18,2005
    2003     242     43.03     -0.07     -1.80          hfrey, jul-18,2005
    2003     243     43.23     -0.07     -1.80          hfrey, jul-18,2005
    2003     244     43.10     -0.07     -1.80          hfrey, jul-18,2005
    2003     245     43.03     -0.07     -1.80          hfrey, jul-18,2005
    2003     246     43.23     -0.04     -1.80          hfrey, jul-18,2005
    2003     247     43.03     -0.04     -1.80          hfrey, jul-18,2005
    2003     248     43.03     -0.04     -1.80          hfrey, jul-18,2005
    2003     249     43.23     -0.11     -1.80          hfrey, jul-18,2005
    2003     250     43.03     -0.24     -1.80          hfrey, mar 04, 2004
    2003     251     43.16     -0.11     -1.80          hfrey, jul-18,2005
    2003     252     43.16     -0.17     -1.80          hfrey, jul-18,2005
    2003     253     43.16     -0.17     -1.80          hfrey, jul-18,2005
    2003     254     43.10     -0.11     -1.80          hfrey, jul-18,2005
    2003     255     43.16     -0.24     -1.80          hfrey, jul-18,2005
    2003     256     43.13     -0.14     -1.80          hfrey, jul-18,2005
    2003     257     43.13     -0.07     -1.80          hfrey, jul-18,2005
    2003     258     43.13     -0.27     -1.80          hfrey, jul-18,2005
    2003     260     43.13     -0.34     -1.80          hfrey, mar 04, 2004
    2003     261     43.20     -0.27     -1.80          hfrey, jul-18,2005
    2003     262     43.06     -0.21     -1.80          hfrey, jul-18,2005
    2003     263     43.26     -0.14     -1.80          hfrey, jul-18,2005
    2003     264     43.06     -0.27     -1.80          hfrey, jul-18,2005
    2003     265     43.26     -0.21     -1.80          hfrey, jul-18,2005
    2003     266     43.26     -0.27     -1.80          hfrey, jul-18,2005
    2003     267     43.20     -0.21     -1.80          hfrey, jul-18,2005
    2003     268     43.13     -0.34     -1.80          hfrey, jul-18,2005
    2003     269     43.13     -0.21     -1.80          hfrey, jul-18,2005
    2003     270     43.13     -0.34     -1.80          hfrey, mar 04, 2004
    2003     271     43.13     -0.27     -1.80          hfrey, jul-18,2005
    2003     272     43.13     -0.27     -1.80          hfrey, jul-18,2005
    2003     273     43.20     -0.34     -1.80          hfrey, jul-18,2005
    2003     274     43.20     -0.34     -1.80          hfrey, mar 04, 2004
    2003     300     43.20     -0.34     -1.80          hfrey, mar 04, 2004
    2003     301     43.13     -0.27     -1.80          hfrey, jul-18,2005
    2003     302     43.27     -0.34     -1.80          hfrey, jul-18,2005
    2003     305     43.20     -0.27     -1.80          hfrey, jul-18,2005
    2003     310     43.10     -0.34     -1.80          hfrey, mar 04, 2004
    2003     320     43.10     -0.34     -1.80          hfrey, mar 04, 2004
    2003     330     43.00     -0.24     -1.80          hfrey, mar 04, 2004
    2003     341     43.06     -0.30     -1.80          hfrey, jan 08, 2004
    2003     351     43.06     -0.30     -1.80          hfrey, jan 08, 2004
    2003     361     43.16     -0.30     -1.80          hfrey, jan 08, 2004
    2004     001     43.00     -0.30     -1.80		echi, dec 02, 2004
    2004     002     43.27     -0.37     -1.80          hfrey, jul-18,2005
    2004     003     43.34     -0.37     -1.80          hfrey, jul-18,2005
    2004     004     43.13     -0.37     -1.80          hfrey, jul-18,2005
    2004     005     43.27     -0.37     -1.80          hfrey, jul-18,2005
    2004     006     43.34     -0.30     -1.80          hfrey, jul-18,2005
    2004     007     43.26     -0.39     -1.80          hfrey, jul-18,2005
    2004     008     43.26     -0.39     -1.80          hfrey, jul-18,2005
    2004     009     43.26     -0.33     -1.80          hfrey, jul-18,2005
    2004     010     43.26     -0.39     -1.80          hfrey, jul-18,2005
    2004     011     43.13     -0.26     -1.80		echi, dec 02, 2004
    2004     012     43.26     -0.33     -1.80          hfrey, jul-18,2005
    2004     013     43.26     -0.33     -1.80          hfrey, jul-18,2005
    2004     014     43.26     -0.39     -1.80          hfrey, jul-18,2005
    2004     015     43.26     -0.39     -1.80          hfrey, jul-18,2005
    2004     016     43.33     -0.33     -1.80          hfrey, jul-18,2005
    2004     017     43.13     -0.38     -1.80          hfrey, jul-18,2005
    2004     018     43.13     -0.38     -1.80          hfrey, jul-18,2005
    2004     019     43.20     -0.38     -1.80          hfrey, jul-18,2005
    2004     020     43.20     -0.38     -1.80          hfrey, jul-18,2005
    2004     021     43.13     -0.31     -1.80		echi, dec 02, 2004
    2004     022     43.13     -0.38     -1.80          hfrey, jul-18,2005
    2004     023     43.33     -0.31     -1.80          hfrey, jul-18,2005
    2004     024     43.13     -0.38     -1.80          hfrey, jul-18,2005
    2004     025     43.26     -0.31     -1.80          hfrey, jul-18,2005
    2004     026     43.20     -0.38     -1.80          hfrey, jul-18,2005
    2004     027     43.25     -0.35     -1.80          hfrey, jul-18,2005
    2004     028     43.18     -0.28     -1.80          hfrey, jul-18,2005
    2004     029     43.12     -0.35     -1.80          hfrey, jul-18,2005
    2004     030     43.12     -0.28     -1.80          hfrey, jul-18,2005
    2004     031     43.05     -0.28     -1.80		echi, dec 02, 2004
    2004     041     43.05     -0.26     -1.80		echi, dec 02, 2004
    2004     049     43.14     -0.23     -1.80		echi, dec 02, 2004
    2004     060     42.92     -0.27     -1.80		echi, dec 02, 2004
    2004     061     43.12     -0.20     -1.80          hfrey, jul-18,2005
    2004     070     43.18     -0.31     -1.80		echi, dec 02, 2004
    2004     080     43.10     -0.28     -1.80		echi, dec 02, 2004
    2004     089     43.07     -0.25     -1.80		echi, dec 02, 2004
    2004     116     43.13     -0.25     -1.80		echi, dec 02, 2004
    2004     123     43.29     -0.25     -1.80		echi, dec 02, 2004
    2004     131     43.20     -0.23     -1.80		echi, dec 02, 2004
    2004     143     43.15     -0.17     -1.80		echi, dec 02, 2004
    2004     150     43.07     -0.02     -1.80		echi, dec 02, 2004
    2004     155     43.15     -0.26     -1.80          hfrey, jul-18,2005
    2004     159     43.22     -0.19     -1.80		echi, dec 10, 2004
    2004     160     43.22     -0.26     -1.80          hfrey, jul-18,2005
    2004     161     43.15     -0.32     -1.80          hfrey, jul-18,2005
    2004     162     43.09     -0.26     -1.80          hfrey, jul-18,2005
    2004     163     43.22     -0.19     -1.80          hfrey, jul-18,2005
    2004     165     39.31     -0.28     -1.80          hfrey, jul-18,2005
    2004     166     39.17     -0.28     -1.80          hfrey, jul-18,2005
    2004     167     38.97     -0.21     -1.80          hfrey, jul-18,2005
    2004     168     39.10     -0.21     -1.80          hfrey, jul-18,2005
    2004     169     38.90     -0.21     -1.80          hfrey, jul-18,2005
    2004     170     38.97     -0.21     -1.80		echi, dec 10, 2004
    2004     171     38.77     -0.21     -1.80          hfrey, jul-18,2005
    2004     172     38.63     -0.21     -1.80          hfrey, jul-18,2005
    2004     173     38.84     -0.21     -1.80          hfrey, jul-18,2005
    2004     174     38.77     -0.28     -1.80          hfrey, jul-18,2005
    2004     175     39.35     -0.27     -1.80          hfrey, jul-18,2005
    2004     176     39.55     -0.20     -1.80          hfrey, jul-18,2005
    2004     177     39.68     -0.13     -1.80          hfrey, jul-18,2005
    2004     178     39.21     -0.13     -1.80          hfrey, jul-18,2005
    2004     179     39.95     -0.20     -1.80		echi, dec 10, 2004
    2004     180     40.02     -0.20     -1.80          hfrey, jul-18,2005
    2004     181     40.02     -0.07     -1.80          hfrey, jul-18,2005
    2004     182     39.89     -0.06     -1.80          hfrey, jul-18,2005
    2004     183     40.63     -0.27     -1.80          hfrey, jul-18,2005
    2004     184     41.64     -0.20     -1.80          hfrey, jul-18,2005
    2004     185     41.70      0.00     -1.80          hfrey, jul-18,2005
    2004     186     41.77     -0.20     -1.80          hfrey, jul-18,2005
    2004     187     42.51     -0.20     -1.80          hfrey, jul-18,2005
    2004     188     42.94     -0.13     -1.80          hfrey, jul-18,2005
    2004     189     43.01     -0.06     -1.80          hfrey, jul-18,2005
    2004     190     43.88     -0.13     -1.80		echi, dec 10, 2004
    2004     191     43.95     -0.13     -1.80          hfrey, jul-18,2005
    2004     192     44.15     -0.06     -1.80          hfrey, jul-18,2005
    2004     193     44.01     -0.13     -1.80          hfrey, jul-18,2005
    2004     194     44.42     -0.13     -1.80          hfrey, jul-18,2005
    2004     195     45.02     -0.13     -1.80          hfrey, jul-18,2005
    2004     196     44.41     -0.09     -1.80          hfrey, jul-18,2005
    2004     197     44.61     -0.09     -1.80          hfrey, jul-18,2005
    2004     198     44.95     -0.15     -1.80          hfrey, jul-18,2005
    2004     199     44.68     -0.02     -1.80          hfrey, jul-18,2005
    2004     200     44.68     -0.22     -1.80		echi, dec 10, 2004
    2004     201     44.34     -0.15     -1.80          hfrey, jul-18,2005
    2004     202     44.34     -0.09     -1.80          hfrey, jul-18,2005
    2004     203     44.34     -0.02     -1.80          hfrey, jul-18,2005
    2004     204     44.08     -0.09     -1.80          hfrey, jul-18,2005
    2004     205     44.21     -0.22     -1.80          hfrey, jul-18,2005
    2004     206     44.07     -0.09     -1.80          hfrey, jul-18,2005
    2004     207     43.80     -0.09     -1.80          hfrey, jul-18,2005
    2004     208     43.26     -0.09     -1.80          hfrey, jul-18,2005
    2004     209     42.93     -0.02     -1.80          hfrey, jul-18,2005
    2004     210     42.66     -0.09     -1.80		echi, dec 10, 2004
    2004     211     42.66     -0.16     -1.80          hfrey, jul-18,2005
    2004     212     42.39     -0.16     -1.80          hfrey, jul-18,2005
    2004     213     42.46     -0.16     -1.80          hfrey, jul-18,2005
    2004     214     42.12     -0.22     -1.80          hfrey, jul-18,2005
    2004     215     41.85     -0.22     -1.80          hfrey, jul-18,2005
    2004     216     41.30     -0.34     -1.80          hfrey, jul-18,2005
    2004     217     41.10     -0.28     -1.80          hfrey, jul-18,2005
    2004     218     41.10     -0.21     -1.80          hfrey, jul-18,2005
    2004     219     41.10     -0.14     -1.80          hfrey, jul-18,2005
    2004     220     41.10     -0.41     -1.80		echi, dec 10, 2004
    2004     221     41.10     -0.21     -1.80          hfrey, jul-18,2005
    2004     222     41.10     -0.14     -1.80          hfrey, jul-18,2005
    2004     223     41.10     -0.14     -1.80          hfrey, jul-18,2005
    2004     224     41.10     -0.14     -1.80          hfrey, jul-18,2005
    2004     225     41.10     -0.21     -1.80          hfrey, jul-18,2005
    2004     226     40.99     -0.26     -1.80          hfrey, jul-18,2005
    2004     227     40.99     -0.13     -1.80          hfrey, jul-18,2005
    2004     228     40.99     -0.19     -1.80          hfrey, jul-18,2005
    2004     229     40.99     -0.33     -1.80          hfrey, jul-18,2005
    2004     230     40.99     -0.13     -1.80          hfrey, jul-18,2005
    2004     231     40.99     -0.06     -1.80		echi, dec 10, 2004
    2004     232     40.99     -0.40     -1.80          hfrey, jul-18,2005
    2004     233     40.99     -0.13     -1.80          hfrey, jul-18,2005
    2004     234     40.99     -0.40     -1.80          hfrey, jul-18,2005
    2004     235     40.99     -0.46     -1.80          hfrey, jul-18,2005
    2004     236     42.14      0.09     -1.80          hfrey, jul-18,2005
    2004     237     42.14     -0.18     -1.80          hfrey, jul-18,2005
    2004     238     42.88     -0.31     -1.80          hfrey, jul-18,2005
    2004     240     42.14     -0.31     -1.80		echi, dec 16, 2004
    2004     241     42.14     -0.04     -1.80          hfrey, jul-18,2005
    2004     242     42.14     -0.24     -1.80          hfrey, jul-18,2005
    2004     243     43.15     -0.31     -1.80          hfrey, jul-18,2005
    2004     244     42.14     -0.24     -1.80          hfrey, jul-18,2005
    2004     245     43.01     -0.31     -1.80          hfrey, jul-18,2005
    2004     246     43.06     -0.38     -1.80          hfrey, jul-18,2005
    2004     247     43.53     -0.25     -1.80          hfrey, jul-18,2005
    2004     248     43.66     -0.31     -1.80          hfrey, jul-18,2005
    2004     249     43.06     -0.31     -1.80          hfrey, jul-18,2005
    2004     250     43.06     -0.18     -1.80		echi, dec 16, 2004
    2004     251     43.06     -0.18     -1.80          hfrey, jul-18,2005
    2004     252     42.99     -0.18     -1.80          hfrey, jul-18,2005
    2004     253     43.13     -0.11     -1.80          hfrey, jul-18,2005
    2004     254     43.13     -0.18     -1.80          hfrey, jul-18,2005
    2004     255     43.06     -0.25     -1.80          hfrey, jul-18,2005
    2004     256     42.97     -0.13     -1.80          hfrey, jul-18,2005
    2004     257     43.10     -0.20     -1.80          hfrey, jul-18,2005
    2004     258     43.10     -0.26     -1.80          hfrey, jul-18,2005
    2004     259     42.97     -0.33     -1.80          hfrey, jul-18,2005
    2004     260     42.97     -0.13     -1.80		echi, dec 16, 2004
    2004     261     42.97     -0.33     -1.80          hfrey, jul-18,2005
    2004     262     43.04     -0.26     -1.80          hfrey, jul-18,2005
    2004     263     43.04     -0.26     -1.80          hfrey, jul-18,2005
    2004     264     42.97     -0.33     -1.80          hfrey, jul-18,2005
    2004     265     42.97     -0.26     -1.80          hfrey, jul-18,2005
    2004     266     43.04     -0.26     -1.80          hfrey, jul-18,2005
    2004     267     43.17     -0.33     -1.80          hfrey, jul-18,2005
    2004     268     43.04     -0.33     -1.80          hfrey, jul-18,2005
    2004     269     43.04     -0.33     -1.80          hfrey, jul-18,2005
    2004     270     43.11     -0.33     -1.80          hfrey, jul-18,2005
    2004     271     43.04     -0.33     -1.80          hfrey, jul-18,2005
    2004     272     43.22     -0.33     -1.80          hfrey, jul-18,2005
    2004     273     43.09     -0.33     -1.80          hfrey, jul-18,2005
    2004     274     43.09     -0.37     -1.80          hfrey, jul-18,2005
    2004     275     42.95      0.77     -2.90          hfrey, jul-18,2005
    2004     276     43.09      0.70     -2.90          hfrey, jul-18,2005
    2004     277     42.95      0.37     -2.90          hfrey, jul-18,2005
    2004     298     42.82      0.73     -2.90          hfrey, jul-18,2005
    2004     299     42.95      0.19     -2.90          hfrey, jul-18,2005
    2004     300     43.02      0.33     -2.90          hfrey, jul-18,2005
    2004     301     42.95      0.39     -2.90          hfrey, jul-18,2005
    2004     302     42.95      0.66     -2.90          hfrey, jul-18,2005
    2004     303     43.09      0.60     -2.90          hfrey, jul-18,2005
    2004     304     42.82      0.73     -2.90          hfrey, jul-18,2005
    2004     305     43.22      0.46     -2.90          hfrey, jul-18,2005
    2004     306     43.02      0.46     -2.90          hfrey, jul-18,2005
    2004     307     42.95      0.53     -2.90          hfrey, jul-18,2005
    2004     308     42.82      0.60     -2.90          hfrey, jul-18,2005
    2004     309     42.89      0.66     -2.90          hfrey, jul-18,2005
    2004     310     42.95      0.73     -2.90          hfrey, jul-18,2005
    2004     311     42.82      0.80     -2.90          hfrey, jul-18,2005
    2004     312     42.82      0.80     -2.90          hfrey, jul-18,2005
    2004     313     42.82      0.80     -2.90          hfrey, jul-18,2005
    2004     314     42.82      0.93     -2.90          hfrey, jul-18,2005
    2004     315     42.82      0.73     -2.90          hfrey, jul-18,2005
    2004     326     42.95      1.22     -2.90          hfrey, jul 01, 2005
    2004     343     42.95      1.19     -2.90          hfrey, jul-18,2005
    2004     349     43.02      1.20     -2.90          hfrey, jul-18,2005
    2004     354     42.96      1.20     -2.90          hfrey, jul-18,2005
    2004     358     42.96      1.14     -2.90          hfrey, jul-18,2005
    2004     362     43.02      1.20     -2.90          hfrey, jul-18,2005
    2004     366     43.02      1.00     -2.90          hfrey, jul-18,2005
    2005     001     43.09      1.07     -2.90          hfrey, jul-18,2005
    2005     002     42.95      1.07     -2.90          hfrey, jul-18,2005
    2005     003     43.02      1.20     -2.90          hfrey, jul-18,2005
    2005     004     43.09      1.20     -2.90          hfrey, jul-18,2005
    2005     005     42.95      1.20     -2.90          hfrey, jul-18,2005
    2005     006     43.02      1.13     -2.90          hfrey, jul-18,2005
    2005     007     43.09      1.20     -2.90          hfrey, jul-18,2005
    2005     008     43.16      1.20     -2.90          hfrey, jul-18,2005
    2005     009     42.95      1.07     -2.90          hfrey, jul-18,2005
    2005     011     43.09      1.27     -2.90          hfrey, jul-18,2005
    2005     012     42.82      1.07     -2.90          hfrey, jul-18,2005
    2005     013     43.16      1.27     -2.90          hfrey, jul-18,2005
    2005     014     43.09      1.30     -2.90          hfrey, jul-18,2005
    2005     015     43.16      1.27     -2.90          hfrey, jul-18,2005
    2005     016     43.16      1.07     -2.90          hfrey, jul-18,2005
    2005     017     43.16      1.13     -2.90          hfrey, jul-18,2005
    2005     018     43.09      1.27     -2.90          hfrey, jul-18,2005
    2005     019     42.82      1.20     -2.90          hfrey, jul-18,2005
    2005     020     43.16      1.27     -2.90          hfrey, jul-18,2005
    2005     021     43.02      1.27     -2.90          hfrey, jul-18,2005
    2005     022     43.16      1.20     -2.90          hfrey, jul-18,2005
    2005     023     43.09      1.20     -2.90          hfrey, jul-18,2005
    2005     024     43.09      1.27     -2.90          hfrey, jul-18,2005
    2005     025     42.89      1.20     -2.90          hfrey, jul-18,2005
    2005     026     42.82      1.20     -2.90          hfrey, jul-18,2005
    2005     027     43.02      1.33     -2.90          hfrey, jul-18,2005
    2005     028     43.16      1.27     -2.90          hfrey, jul-18,2005
    2005     029     43.02      1.23     -2.90          hfrey, jul-18,2005
    2005     030     43.09      1.27     -2.90          hfrey, jul-18,2005
    2005     031     42.82      1.27     -2.90          hfrey, jul-18,2005
    2005     032     43.09      1.20     -2.90          hfrey, jul-18,2005
    2005     033     43.09      1.27     -2.90          hfrey, jul-18,2005
    2005     035     43.09      1.27     -2.90          hfrey, jul-18,2005
    2005     036     43.16      1.33     -2.90          hfrey, jul-18,2005
    2005     037     43.09      1.33     -2.90          hfrey, jul-18,2005
    2005     038     43.09      1.33     -2.90          hfrey, jul-18,2005
    2005     039     43.09      1.40     -2.90          hfrey, jul-18,2005
    2005     040     43.09      1.27     -2.90          hfrey, jul-18,2005
    2005     041     42.82      1.33     -2.90          hfrey, jul-18,2005
    2005     042     43.29      1.33     -2.90          hfrey, jul-18,2005
    2005     043     43.16      1.33     -2.90          hfrey, jul-18,2005
    2005     044     43.16      1.40     -2.90          hfrey, jul-18,2005
    2005     045     43.22      1.40     -2.90          hfrey, jul-18,2005
    2005     046     43.29      1.47     -2.90          hfrey, jul-18,2005
    2005     047     43.09      1.40     -2.90          hfrey, jul-18,2005
    2005     048     43.22      1.54     -2.90          hfrey, jul-18,2005
    2005     049     43.22      1.74     -2.90          hfrey, jul-18,2005
    2005     050     43.42      1.80     -2.90          hfrey, jul-18,2005
    2005     051     43.16      1.80     -2.90          hfrey, jul-18,2005
    2005     052     42.82      1.77     -2.90          hfrey, jul-18,2005
    2005     053     43.16      1.74     -2.90          hfrey, jul-18,2005
    2005     054     43.22      1.80     -2.90          hfrey, jul-18,2005
    2005     055     43.22      1.67     -2.90          hfrey, jul-18,2005
    2005     056     43.16      1.60     -2.90          hfrey, jul-18,2005
    2005     057     43.16      1.60     -2.90          hfrey, jul-18,2005
    2005     058     43.09      1.67     -2.90          hfrey, jul-18,2005
    2005     059     43.09      1.54     -2.90          hfrey, jul-18,2005
    2005     060     43.09      1.54     -2.90          hfrey, jul-18,2005
    2005     061     43.09      1.54     -2.90          hfrey, jul-18,2005
    2005     062     43.09      1.47     -2.90          hfrey, jul-18,2005
    2005     063     43.16      1.54     -2.90          hfrey, jul-18,2005
    2005     064     43.09      1.60     -2.90          hfrey, jul-18,2005
    2005     065     43.02      1.33     -2.90          hfrey, jul-18,2005
    2005     066     43.02      1.47     -2.90          hfrey, jul-18,2005
    2005     067     43.16      1.40     -2.90          hfrey, jul-18,2005
    2005     068     43.02      1.40     -2.90          hfrey, jul-18,2005
    2005     069     43.14      1.53     -2.90          hfrey, jul-18,2005
    2005     070     43.20      1.47     -2.90          hfrey, jul-18,2005
    2005     071     43.07      1.33     -2.90          hfrey, jul-18,2005
    2005     072     43.14      1.40     -2.90          hfrey, jul-18,2005
    2005     073     43.07      1.40     -2.90          hfrey, jul-18,2005
    2005     074     43.00      1.33     -2.90          hfrey, jul-18,2005
    2005     075     43.14      1.40     -2.90          hfrey, jul-18,2005
    2005     076     43.00      1.40     -2.90          hfrey, jul-18,2005
    2005     077     43.07      1.40     -2.90          hfrey, jul-18,2005
    2005     078     43.00      1.33     -2.90          hfrey, jul-18,2005
    2005     079     43.14      1.40     -2.90          hfrey, jul-18,2005
    2005     080     43.14      1.40     -2.90          hfrey, jul-18,2005
    2005     081     43.00      1.27     -2.90          hfrey, jul-18,2005
    2005     082     43.00      1.40     -2.90          hfrey, jul-18,2005
    2005     083     43.07      1.40     -2.90          hfrey, jul-18,2005
    2005     084     43.00      1.27     -2.90          hfrey, jul-18,2005
    2005     085     43.07      1.40     -2.90          hfrey, jul-18,2005
    2005     086     43.00      1.40     -2.90          hfrey, jul-18,2005
    2005     087     43.07      1.27     -2.90          hfrey, jul-18,2005
    2005     088     43.07      1.33     -2.90          hfrey, jul-18,2005
    2005     089     43.00      1.40     -2.90          hfrey, jul-18,2005
    2005     090     43.07      1.33     -2.90          hfrey, jul-18,2005
    2005     112     43.00      1.40     -2.90          hfrey, jul-18,2005
    2005     113     42.94      1.40     -2.90          hfrey, jul-18,2005
    2005     114     43.00      1.40     -2.90          hfrey, jul-18,2005
    2005     115     43.07      1.33     -2.90          hfrey, jul-18,2005
    2005     116     43.00      1.40     -2.90          hfrey, jul-18,2005
    2005     117     43.07      1.40     -2.90          hfrey, jul-18,2005
    2005     118     43.00      1.40     -2.90          hfrey, jul-18,2005
    2005     119     43.07      1.40     -2.90          hfrey, jul-18,2005
    2005     120     43.07      1.40     -2.90          hfrey, jul-18,2005
    2005     121     42.94      1.40     -2.90          hfrey, jul-18,2005
    2005     122     43.00      1.40     -2.90          hfrey, jul-18,2005
    2005     123     43.14      1.40     -2.90          hfrey, jul-18,2005
    2005     124     43.00      1.40     -2.90          hfrey, jul-18,2005
    2005     125     43.00      1.40     -2.90          hfrey, jul-18,2005
    2005     126     43.14      1.40     -2.90          hfrey, jul-18,2005
    2005     127     43.07      1.40     -2.90          hfrey, jul-18,2005
    2005     128     43.07      1.40     -2.90          hfrey, jul-18,2005
    2005     129     43.07      1.40     -2.90          hfrey, jul-18,2005
    2005     130     42.87      1.33     -2.90          hfrey, jul-18,2005
    2005     131     43.07      1.27     -2.90          hfrey, jul-18,2005
    2005     132     43.14      1.40     -2.90          hfrey, jul-18,2005
    2005     133     43.00      1.47     -2.90          hfrey, jul-18,2005
    2005     134     43.00      1.53     -2.90          hfrey, jul-18,2005
    2005     135     42.94      1.40     -2.90          hfrey, jul-18,2005
    2005     136     43.07      1.36     -2.90          hfrey, jul-18,2005
    2005     137     43.00      1.40     -2.90          hfrey, jul-18,2005
    2005     138     43.07      1.53     -2.90          hfrey, jul-18,2005
    2005     139     42.94      1.60     -2.90          hfrey, jul-18,2005
    2005     140     43.00      1.47     -2.90          hfrey, jul-18,2005
    2005     141     43.00      1.60     -2.90          hfrey, jul-18,2005
    2005     142     43.07      1.60     -2.90          hfrey, jul-18,2005
    2005     143     42.94      1.67     -2.90          hfrey, jul-18,2005
    2005     144     43.00      1.33     -2.90          hfrey, jul-18,2005
    2005     145     43.00      1.53     -2.90          hfrey, jul-18,2005
    2005     146     43.00      1.47     -2.90          hfrey, jul-18,2005
    2005     147     42.94      1.60     -2.90          hfrey, jul-18,2005
    2005     148     43.00      1.53     -2.90          hfrey, jul-18,2005
    2005     149     43.00      1.33     -2.90          hfrey, jul-18,2005
    2005     150     43.07      1.36     -2.90          hfrey, jul-18,2005
    2005     151     43.07      1.30     -2.90          hfrey, jul-18,2005
    2005     152     43.07      1.50     -2.90          hfrey, jul-18,2005
    2005     153     43.07      1.56     -2.90          hfrey, jul-18,2005
    2005     154     43.14      1.43     -2.90          hfrey, jul-18,2005
    2005     155     43.00      1.30     -2.90          hfrey, jul-18,2005
    2005     156     43.00      1.30     -2.90          hfrey, jul-18,2005
    2005     157     43.00      1.30     -2.90          hfrey, jul-18,2005
    2005     158     43.14      1.50     -2.90          hfrey, jul-18,2005
    2005     159     42.94      1.56     -2.90          hfrey, jul-18,2005
    2005     160     43.07      1.43     -2.90          hfrey, jul-18,2005
    2005     161     43.14      1.23     -2.90          hfrey, jul-18,2005
    2005     162     43.00      1.43     -2.90          hfrey, jul-18,2005
    2005     163     43.00      1.49     -2.90          hfrey, jul-18,2005
    2005     164     43.07      1.42     -2.90          hfrey, jul-18,2005
    2005     165     43.07      1.23     -2.90          hfrey, jul-18,2005
    2005     166     43.07      1.23     -2.90          hfrey, jul-18,2005
    2005     167     39.81      1.63     -2.90          hfrey, dec-18,2005
    2005     168     38.60      1.23     -2.90          hfrey, dec-18,2005
    2005     169     39.27      1.16     -2.90          hfrey, dec-18,2005
    2005     170     38.84      1.69     -2.90          hfrey, dec-18,2005
    2005     171     37.53      1.41     -2.90          hfrey, dec-18,2005
    2005     172     38.07      1.21     -2.90          hfrey, dec-18,2005
    2005     173     37.73      1.89     -2.90          hfrey, dec-18,2005
    2005     174     36.87      1.34     -2.90          hfrey, dec-18,2005
    2005     175     37.40      1.89     -2.90          hfrey, dec-18,2005
    2005     176     36.07      1.98     -2.90          hfrey, dec-18,2005
    2005     177     36.87      1.37     -2.90          hfrey, dec-18,2005
    2005     178     35.67      2.12     -2.90          hfrey, dec-18,2005
    2005     179     34.59      1.78     -2.90          hfrey, dec-18,2005
    2005     180     36.54      1.71     -2.90          hfrey, dec-18,2005
    2005     181     33.45      1.92     -2.90          hfrey, dec-18,2005
    2005     182     34.45      1.37     -2.90          hfrey, dec-18,2005
    2005     183     33.78      2.45     -2.90          hfrey, dec-18,2005
    2005     184     32.21      1.45     -2.90          hfrey, dec-18,2005
    2005     185     35.73      1.57     -2.90          hfrey, dec-18,2005
    2005     186     32.50      2.17     -2.90          hfrey, dec-18,2005
    2005     187     33.11      1.10     -2.90          hfrey, dec-18,2005
    2005     188     36.20      1.44     -2.90          hfrey, dec-18,2005
    2005     189     31.50      3.32     -2.90          hfrey, dec-18,2005
    2005     191     36.34      4.13     -2.90          hfrey, dec-18,2005
    2005     192     34.32      3.66     -2.90          hfrey, dec-18,2005
    2005     194     39.03      1.51     -2.90          hfrey, dec-18,2005
    2005     195     36.34      4.13     -2.90          hfrey, dec-18,2005
    2005     196     40.78      4.13     -2.90          hfrey, dec-18,2005
    2005     198     38.89      2.31     -2.90          hfrey, dec-18,2005
    2005     199     36.47      3.32     -2.90          hfrey, dec-18,2005
    2005     200     35.26      4.13     -2.90          hfrey, dec-18,2005
    2005     205     47.98      4.15     -2.90          hfrey, dec-18,2005
    2005     208     42.94      4.15     -2.90          hfrey, dec-18,2005
    2005     209     43.61      4.15     -2.90          hfrey, dec-18,2005
    2005     212     48.59      2.60     -2.90          hfrey, dec-18,2005
    2005     213     43.95      4.15     -2.90          hfrey, dec-18,2005
    2005     214     44.82      4.15     -2.90          hfrey, dec-18,2005
    2005     216     50.61      0.25     -2.90          hfrey, dec-18,2005
    2005     217     49.80      1.46     -2.90          hfrey, dec-18,2005
    2005     218     47.78      4.15     -2.90          hfrey, dec-18,2005
    2005     219     48.79      3.81     -2.90          hfrey, dec-18,2005
    2005     220     49.39      1.93     -2.90          hfrey, dec-18,2005
    2005     226     49.26      2.67     -2.90          hfrey, dec-18,2005
    2005     227     48.79      3.21     -2.90          hfrey, dec-18,2005
    2005     228     47.98      3.48     -2.90          hfrey, dec-18,2005
    2005     229     46.98      2.54     -2.90          hfrey, dec-18,2005
    2005     230     46.85      2.21     -2.90          hfrey, dec-18,2005
    2005     231     46.98      1.60     -2.90          hfrey, dec-18,2005
    2005     232     47.05      2.00     -2.90          hfrey, dec-18,2005
    2005     233     46.58      2.14     -2.90          hfrey, dec-18,2005
    2005     234     45.90      1.67     -2.90          hfrey, dec-18,2005
    2005     235     46.24      1.33     -2.90          hfrey, dec-18,2005
    2005     236     46.17      1.46     -2.90          hfrey, dec-18,2005
    2005     237     45.50      1.73     -2.90          hfrey, dec-18,2005
    2005     238     45.16      1.46     -2.90          hfrey, dec-18,2005
    2005     239     43.15      1.26     -2.90          hfrey, dec-18,2005
    2005     240     43.15      1.26     -2.90          hfrey, dec-18,2005
    2005     241     43.15      1.54     -2.90          hfrey, dec-18,2005
    2005     242     43.08      1.46     -2.90          hfrey, dec-18,2005
    2005     243     43.15      1.33     -2.90          hfrey, dec-18,2005
    2005     244     43.17      1.23     -2.90          hfrey, dec-18,2005
    2005     245     43.10      1.36     -2.90          hfrey, dec-18,2005
    2005     246     43.04      1.50     -2.90          hfrey, dec-18,2005
    2005     247     43.04      1.43     -2.90          hfrey, dec-18,2005
    2005     248     43.04      1.09     -2.90          hfrey, dec-18,2005
    2005     249     43.17      1.23     -2.90          hfrey, dec-18,2005
    2005     250     42.90      1.63     -2.90          hfrey, dec-18,2005
    2005     251     42.97      1.43     -2.90          hfrey, dec-18,2005
    2005     252     43.04      1.09     -2.90          hfrey, dec-18,2005
    2005     253     43.10      1.03     -2.90          hfrey, dec-18,2005
    2005     254     42.97      1.63     -2.90          hfrey, dec-18,2005
    2005     255     42.97      1.76     -2.90          hfrey, dec-18,2005
    2005     256     42.97      1.36     -2.90          hfrey, dec-18,2005
    2005     257     42.97      0.89     -2.90          hfrey, dec-18,2005
    2005     258     43.24      1.03     -2.90          hfrey, dec-18,2005
    2005     259     43.17      1.36     -2.90          hfrey, dec-18,2005
    2005     260     43.04      2.04     -2.90          hfrey, dec-18,2005
    2005     261     42.97      2.11     -2.90          hfrey, dec-18,2005
    2005     262     42.90      1.83     -2.90          hfrey, dec-18,2005
    2005     263     43.24      1.70     -2.90          hfrey, dec-18,2005
    2005     264     43.10      2.03     -2.90          hfrey, dec-18,2005
    2005     265     43.04      2.03     -2.90          hfrey, dec-18,2005
    2005     266     42.90      1.83     -2.90          hfrey, dec-18,2005
    2005     267     42.97      1.83     -2.90          hfrey, dec-18,2005
    2005     268     42.97      1.83     -2.90          hfrey, dec-18,2005
    2005     269     43.04      1.90     -2.90          hfrey, dec-18,2005
    2005     270     43.10      1.97     -2.90          hfrey, dec-18,2005
    2005     271     43.17      1.76     -2.90          hfrey, dec-18,2005
    2005     272     43.30      1.76     -2.90          hfrey, dec-18,2005
    2005     273     43.17      1.83     -2.90          hfrey, dec-18,2005
    2005     274     43.17      1.83     -2.90          hfrey, dec-18,2005
    2005     275     43.30      1.83     -2.90          hfrey, dec-18,2005
    2005     276     43.30      1.90     -2.90          hfrey, dec-18,2005
    2005     277     43.17      1.83     -2.90          hfrey, dec-18,2005
    2005     278     43.17      1.83     -2.90          hfrey, dec-18,2005
    2005     299     43.04      1.91     -2.90          hfrey, dec-18,2005
    2005     300     43.11      1.94     -2.90          hfrey, dec-18,2005
    2005     301     43.04      1.20     -2.90          hfrey, dec-18,2005
    2005     302     43.11      1.81     -2.90          hfrey, dec-18,2005
    2005     303     43.04      1.84     -2.90          hfrey, dec-18,2005
    2005     305     43.04      1.60     -2.90          hfrey, dec-18,2005
    2005     307     42.98      1.54     -2.90          hfrey, dec-18,2005
    2005     309     43.04      1.87     -2.90          hfrey, dec-18,2005
    2005     312     43.04      1.87     -2.90          hfrey, dec-18,2005
    2005     313     43.04      1.87     -2.90          hfrey, dec-18,2005
    2005     314     42.98      1.81     -2.90          hfrey, dec-18,2005
    2005     315     43.12      1.81     -2.90          hfrey, dec-18,2005
    2005     316     42.98      1.81     -2.90          hfrey, dec-18,2005
    2005     317     43.05      1.75     -2.90          hfrey, dec-18,2005
    2005     318     43.05      1.81     -2.90          hfrey, dec-18,2005
    2005     319     43.05      1.81     -2.90          hfrey, dec-18,2005
    2005     320     42.98      1.75     -2.90          hfrey, dec-18,2005
    2005     321     43.05      1.75     -2.90          hfrey, dec-18,2005
    2005     322     43.12      1.75     -2.90          hfrey, dec-18,2005
    2005     323     43.25      1.75     -2.90          hfrey, dec-18,2005
    2005     324     43.05      1.75     -2.90          hfrey, dec-18,2005
    2005     325     43.32      1.68     -2.90          hfrey, prelim. original
    2005     346     43.12      2.08     -2.90          hfrey, prelim.
    2025     001      1.00      1.00      1.00
