    2000     001     43.00      0.54      0.00          ARTIFICIAL, hfrey, 10-31-2006
    2002     234     43.19      2.11      0.00
    2002     239     43.23      2.09      0.00
    2002     245     43.23      1.99      0.00
    2002     250     43.20      1.97      0.00
    2002     255     43.24      1.95      0.00
    2002     260     43.24      1.94      0.00
    2002     265     43.24      1.93      0.00
    2002     270     43.26      1.91      0.00		; no data
    2002     295     43.23      1.90      0.00
    2002     300     43.25      1.85      0.00
    2002     305     43.29      1.89      0.00
    2002     310     43.21      1.88      0.00
    2002     315     43.25      1.88      0.00
    2002     320     43.24      1.89      0.00
    2002     325     43.27      1.87      0.00
    2002     330     43.23      1.89      0.00
    2002     335     43.26      1.88      0.00
    2002     340     43.25      1.89      0.00
    2002     345     43.31      1.89      0.00
    2002     350     43.20      1.92      0.00
    2002     355     43.20      1.90      0.00
    2002     359     43.20      1.89      0.00
    2002     365     43.27      1.80      0.00
    2003     001     43.25      1.80      0.00
    2003     005     43.25      1.90      0.00
    2003     010     43.24      1.88      0.00
    2003     015     43.24      1.85      0.00
    2003     020     43.19      1.85      0.00
    2003     025     43.14      1.85      0.00
    2003     030     43.12      1.85      0.00
    2003     035     43.08      1.71      0.00
    2003     040     43.05      1.75      0.00
    2003     045     43.07      1.76      0.00
    2003     050     43.11      1.81      0.00
    2003     055     43.18      1.84      0.00
    2003     060     43.18      1.86      0.00
    2003     065     43.20      1.90      0.00
    2003     070     43.20      1.90      0.00
    2003     075     43.20      1.90      0.00
    2003     080     43.20      1.90      0.00
    2003     085     43.20      1.90      0.00
    2003     089     43.20      1.90      0.00		; no data
    2003     108     43.07      1.99      0.00
    2003     110     43.07      1.99      0.00
    2003     115     43.14      1.96      0.00
    2003     120     43.12      1.97      0.00
    2003     125     43.07      1.99      0.00
    2003     130     43.07      1.99      0.00
    2003     135     43.08      1.98      0.00
    2003     140     43.09      1.99      0.00
    2003     145     43.08      1.98      0.00
    2003     150     43.09      1.99      0.00
    2003     155     43.10      2.00      0.00
    2003     159     43.10      2.00      0.00		; summer vacation
    2003     228     43.12      1.85      0.00
    2003     245     43.13      1.85      0.00
    2003     250     43.16      1.85      0.00
    2003     265     43.17      1.85      0.00
    2003     270     43.20      1.84      0.00
    2003     274     43.23      1.85      0.00		; no data
    2003     301     43.03      1.80      0.00
    2003     305     43.01      1.75      0.00
    2003     310     42.99      1.77      0.00
    2003     315     42.97      1.74      0.00
    2003     320     43.04      1.74      0.00
    2003     325     43.06      1.74      0.00
    2003     330     43.06      1.74      0.00
    2003     335     43.14      1.75      0.00
    2003     340     43.21      1.74      0.00
    2003     345     43.16      1.74      0.00
    2003     350     43.19      1.74      0.00
    2003     355     43.32      1.76      0.00
    2003     360     43.31      1.76      0.00
    2003     365     43.24      1.75      0.00
    2004     001     43.35      1.74      0.00
    2004     005     43.28      1.74      0.00
    2004     010     43.21      1.74      0.00
    2004     015     43.17      1.74      0.00
    2004     020     43.16      1.74      0.00
    2004     025     43.10      1.72      0.00
    2004     030     43.10      1.74      0.00
    2004     035     43.04      1.75      0.00
    2004     040     43.04      1.72      0.00
    2004     045     43.19      1.72      0.00
    2004     050     43.14      1.71      0.00
    2004     055     43.20      1.71      0.00
    2004     060     43.15      1.70      0.00
    2004     065     43.18      1.69      0.00
    2004     070     43.18      1.69      0.00
    2004     075     43.19      1.68      0.00
    2004     080     43.19      1.69      0.00
    2004     085     43.26      1.71      0.00
    2004     089     43.29      1.72      0.00		; no data
    2004     111     43.11      1.86      0.00
    2004     115     43.16      1.87      0.00
    2004     120     43.14      1.93      0.00
    2004     125     43.10      1.92      0.00
    2004     130     43.20      1.93      0.00
    2004     135     43.20      1.93      0.00
    2004     140     43.28      1.93      0.00
    2004     145     43.28      1.93      0.00
    2004     150     43.20      1.95      0.00
    2004     155     43.16      1.94      0.00
    2004     160     43.16      1.97      0.00
    2004     162     43.15      1.97      0.00		; summer vacation
    2004     243     43.02      2.03      0.00
    2004     245     43.03      2.03      0.00
    2004     250     43.00      2.02      0.00
    2004     255     43.05      1.98      0.00
    2004     260     43.12      1.97      0.00
    2004     265     43.06      1.94      0.00
    2004     270     43.10      1.92      0.00
    2004     275     43.06      1.91      0.00
    2004     277     43.06      1.95      0.00		; no data
    2004     298     43.00      1.90      0.00
    2004     300     43.09      1.80      0.00
    2004     305     42.91      1.85      0.00
    2004     310     42.95      1.85      0.00
    2004     314     42.93      1.85      0.00
    2004     315     42.88      2.17      0.00		; new alpha angle
    2004     320     42.86      2.35      0.00
    2004     325     42.87      2.34      0.00
    2004     330     42.94      2.34      0.00
    2004     335     42.92      2.34      0.00
    2004     340     42.93      2.32      0.00
    2004     345     42.99      2.32      0.00
    2004     350     43.00      2.33      0.00
    2004     355     43.03      2.32      0.00
    2004     360     43.07      2.33      0.00
    2004     365     43.10      2.30      0.00
    2005     001     43.14      2.33      0.00
    2005     005     43.12      2.33      0.00
    2005     010     43.08      2.34      0.00
    2005     015     43.10      2.32      0.00
    2005     020     43.11      2.32      0.00
    2005     025     43.06      2.33      0.00
    2005     030     43.02      2.31      0.00
    2005     035     43.00      2.33      0.00
    2005     040     42.97      2.32      0.00
    2005     045     42.95      2.31      0.00
    2005     050     42.93      2.31      0.00
    2005     055     42.95      2.32      0.00
    2005     060     42.95      2.34      0.00
    2005     065     42.95      2.33      0.00
    2005     070     42.97      2.33      0.00
    2005     075     43.05      2.32      0.00
    2005     080     43.08      2.32      0.00
    2005     085     43.11      2.33      0.00
    2005     090     43.12      2.33      0.00
    2005     091     43.22      2.33      0.00		; no data
    2005     112     43.20      2.38      0.00
    2005     115     43.24      2.38      0.00
    2005     120     43.28      2.40      0.00
    2005     125     43.23      2.40      0.00
    2005     130     43.28      2.40      0.00
    2005     135     43.16      2.40      0.00
    2005     140     43.11      2.42      0.00
    2005     145     43.01      2.49      0.00
    2005     150     43.00      2.53      0.00
    2005     155     42.95      2.55      0.00
    2005     160     42.98      2.57      0.00
    2005     165     42.92      2.59      0.00		; summer vacation
    2005     238     43.18      2.54      0.00
    2005     240     43.09      2.52      0.00
    2005     245     43.02      2.52      0.00
    2005     250     43.01      2.49      0.00
    2005     255     43.00      2.51      0.00
    2005     260     42.97      2.46      0.00
    2005     265     43.01      2.39      0.00
    2005     270     42.99      2.40      0.00
    2005     275     42.99      2.38      0.00
    2005     278     42.95      2.35      0.00		; no data
    2005     300     43.01      2.31      0.00
    2005     305     43.05      2.30      0.00
    2005     310     42.98      2.29      0.00
    2005     315     43.05      2.24      0.00
    2005     320     43.10      2.22      0.00
    2005     325     43.12      2.22      0.00
    2005     330     43.11      2.17      0.00
    2005     335     43.12      2.17      0.00
    2005     340     43.11      2.18      0.00
    2005     345     43.06      2.16      0.00
    2005     350     43.10      2.18      0.00
    2025     001      1.00      1.00      1.00	ARTIFICIAL, hfrey, 10-31-2006
